-0.10472	-0.0118335	-0.811058	0.0961077	-0.00265139	-0.813428
-0.104798	-0.0117838	-0.810984	0.0960314	-0.00262504	-0.813455
-0.104834	-0.0117877	-0.810913	0.0959951	-0.00267351	-0.813479
-0.104925	-0.0116935	-0.810834	0.0959011	-0.00261209	-0.813509
-0.104971	-0.0116669	-0.810758	0.0958506	-0.00262516	-0.813535
-0.104987	-0.0116916	-0.810682	0.0958301	-0.00269788	-0.813558
-0.105059	-0.0116118	-0.810596	0.0957579	-0.00267342	-0.813587
-0.105096	-0.0115818	-0.810509	0.0957201	-0.00270328	-0.813612
-0.105181	-0.0114665	-0.810411	0.0956327	-0.00264605	-0.813644
-0.105229	-0.011406	-0.81031	0.0955827	-0.00265091	-0.813671
-0.105251	-0.0113805	-0.810203	0.0955576	-0.00270569	-0.813695
-0.105323	-0.011266	-0.810082	0.0954893	-0.00267924	-0.813724
-0.105365	-0.011185	-0.809953	0.0954442	-0.00269706	-0.81375
-0.105444	-0.0110361	-0.809808	0.0953683	-0.00265422	-0.813781
-0.105493	-0.0109105	-0.809652	0.0953171	-0.00265663	-0.813808
-0.105524	-0.0108025	-0.809484	0.0952862	-0.00269059	-0.813833
-0.105592	-0.0106253	-0.809298	0.0952198	-0.00267127	-0.813861
-0.105638	-0.0104557	-0.809099	0.0951765	-0.00268729	-0.813888
-0.10571	-0.0102296	-0.808881	0.0951089	-0.00265667	-0.813917
-0.105765	-0.0100079	-0.808648	0.0950545	-0.00266539	-0.813943
-0.105807	-0.00979047	-0.8084	0.095016	-0.0026893	-0.813969
-0.105868	-0.00951644	-0.808131	0.094956	-0.0026869	-0.813996
-0.105921	-0.00923379	-0.807844	0.0949082	-0.00269863	-0.814022
-0.105985	-0.00891491	-0.807535	0.0948459	-0.00268613	-0.814048
-0.106041	-0.00858611	-0.807206	0.0947908	-0.00269586	-0.814073
-0.106095	-0.00824533	-0.806856	0.0947419	-0.00271659	-0.814098
-0.106152	-0.00785943	-0.806483	0.094689	-0.00272471	-0.814123
-0.106208	-0.00746041	-0.806087	0.0946367	-0.00273827	-0.814148
-0.106267	-0.00703115	-0.805668	0.0945865	-0.00274425	-0.814172
-0.10633	-0.00658747	-0.805225	0.0945314	-0.00276176	-0.814196
-0.106391	-0.00612868	-0.804758	0.0944772	-0.00278972	-0.81422
-0.10645	-0.00564483	-0.804268	0.0944303	-0.00281123	-0.814242
-0.106513	-0.00514973	-0.803753	0.0943725	-0.00284039	-0.814265
-0.106565	-0.00463364	-0.803217	0.0943318	-0.00286471	-0.814287
-0.106628	-0.0041014	-0.802655	0.0942794	-0.00288877	-0.81431
-0.1067	-0.00355544	-0.802069	0.0942174	-0.00292332	-0.814334
-0.106751	-0.00299449	-0.801464	0.0941715	-0.00295328	-0.814356
-0.106818	-0.00242627	-0.800834	0.0941151	-0.00298469	-0.81438
-0.106857	-0.0018364	-0.800186	0.0940815	-0.00301546	-0.814401
-0.106915	-0.0012376	-0.799515	0.0940298	-0.00305403	-0.814426
-0.106989	-0.000646374	-0.798822	0.0939634	-0.00309433	-0.814452
-0.107036	-3.26346e-05	-0.798114	0.0939297	-0.00312254	-0.814476
-0.1071	0.000585541	-0.797385	0.0938725	-0.00316308	-0.814503
-0.107134	0.0012205	-0.796643	0.0938473	-0.00318908	-0.814528
-0.107187	0.00184882	-0.795881	0.0937968	-0.00322521	-0.814556
-0.107261	0.00246772	-0.795101	0.0937264	-0.00327841	-0.814587
-0.107298	0.00311401	-0.794311	0.0936962	-0.0033081	-0.814616
-0.107358	0.00374169	-0.793505	0.0936421	-0.00335051	-0.814648
-0.107378	0.00440188	-0.792691	0.0936243	-0.00337545	-0.814676
-0.107425	0.00503915	-0.791862	0.0935801	-0.0034095	-0.814708
-0.107499	0.00566172	-0.79102	0.0935098	-0.00346552	-0.814743
-0.107526	0.00631391	-0.790175	0.093483	-0.00348734	-0.814774
-0.107578	0.00694469	-0.789317	0.0934315	-0.00352563	-0.814809
-0.10759	0.00761074	-0.788457	0.0934231	-0.00353458	-0.814839
-0.107631	0.00824926	-0.787588	0.093381	-0.00356795	-0.814873
-0.107693	0.00886032	-0.78671	0.0933121	-0.00361765	-0.81491
-0.107711	0.00951221	-0.785834	0.0932922	-0.00362627	-0.814941
-0.107755	0.010134	-0.78495	0.0932409	-0.00365323	-0.814975
-0.107751	0.0107928	-0.784071	0.0932364	-0.00365196	-0.815004
-0.107784	0.0114146	-0.783186	0.0931978	-0.00367812	-0.815037
-0.107839	0.0120102	-0.782298	0.0931316	-0.003716	-0.815072
-0.107843	0.0126459	-0.781417	0.0931162	-0.00372061	-0.815101
-0.107876	0.0132494	-0.780534	0.0930685	-0.00374697	-0.815134
-0.107867	0.013887	-0.77966	0.0930635	-0.00373512	-0.81516
-0.107888	0.0144977	-0.778785	0.0930242	-0.00374868	-0.815191
-0.107935	0.0150767	-0.777911	0.0929574	-0.00378513	-0.815223
-0.107931	0.0156858	-0.777049	0.0929422	-0.00377774	-0.81525
-0.107957	0.0162685	-0.77619	0.0928946	-0.00379611	-0.81528
-0.107936	0.0168697	-0.775343	0.0928944	-0.00377704	-0.815305
-0.107949	0.0174501	-0.7745	0.0928589	-0.00378391	-0.815333
-0.107983	0.0180024	-0.773663	0.0928001	-0.00380875	-0.815366
-0.107969	0.018575	-0.772842	0.0927901	-0.00380114	-0.815392
-0.107987	0.0191192	-0.772028	0.0927468	-0.00381379	-0.815422
-0.107956	0.0196913	-0.77123	0.0927477	-0.003801	-0.815447
-0.107954	0.0202293	-0.77044	0.092718	-0.0038015	-0.815477
-0.107981	0.0207402	-0.76966	0.0926588	-0.00381902	-0.81551
-0.107958	0.0212733	-0.768899	0.0926509	-0.00381998	-0.815538
-0.107963	0.0217674	-0.768149	0.0926089	-0.00383133	-0.81557
-0.107924	0.0222839	-0.767418	0.092613	-0.00381883	-0.815597
-0.107915	0.0227642	-0.766698	0.0925858	-0.00382467	-0.815629
-0.10793	0.0232215	-0.765991	0.0925282	-0.00384562	-0.815665
-0.107901	0.023698	-0.765306	0.0925178	-0.00384693	-0.815696
-0.1079	0.024143	-0.764633	0.0924789	-0.00386233	-0.815731
-0.107855	0.0245985	-0.763982	0.0924807	-0.00385416	-0.815763
-0.107841	0.0250242	-0.763343	0.0924569	-0.00386941	-0.815799
-0.107846	0.0254226	-0.762719	0.0924069	-0.00389822	-0.815838
-0.107808	0.0258363	-0.762118	0.0923972	-0.00390262	-0.815872
-0.107793	0.026214	-0.761531	0.0923638	-0.00392593	-0.815911
-0.107742	0.0266141	-0.760965	0.0923644	-0.00392838	-0.815945
-0.107717	0.0269771	-0.760414	0.0923393	-0.00395319	-0.815984
-0.107714	0.0273123	-0.759877	0.0922936	-0.00398623	-0.816025
-0.107673	0.0276606	-0.759362	0.0922867	-0.00399409	-0.816062
-0.107652	0.0279797	-0.758861	0.0922551	-0.00401812	-0.816102
-0.1076	0.0283183	-0.758379	0.0922563	-0.00402806	-0.816138
-0.107569	0.0286198	-0.757912	0.0922365	-0.00405322	-0.816178
-0.10756	0.028893	-0.757458	0.092195	-0.00409233	-0.816219
-0.107515	0.0291859	-0.757023	0.0921847	-0.00410728	-0.816258
-0.10749	0.0294426	-0.756601	0.0921558	-0.00413769	-0.816299
-0.107435	0.0297275	-0.756195	0.0921578	-0.0041495	-0.816337
-0.107401	0.0299733	-0.755802	0.0921387	-0.00418245	-0.816378
-0.10738	0.0301934	-0.75542	0.0921022	-0.00422896	-0.816422
-0.107331	0.0304419	-0.755052	0.0920953	-0.00424322	-0.816462
-0.107302	0.0306545	-0.754695	0.0920689	-0.00427966	-0.816506
-0.107243	0.030897	-0.75435	0.092067	-0.00428914	-0.816547
-0.107206	0.0311033	-0.754014	0.0920446	-0.00431946	-0.816591
-0.107183	0.0312871	-0.753686	0.0920109	-0.00436635	-0.816637
-0.107136	0.0314991	-0.753369	0.0920011	-0.00438128	-0.816681
-0.107103	0.0316782	-0.753059	0.0919773	-0.00441846	-0.816728
-0.107046	0.0318933	-0.752757	0.0919732	-0.00442039	-0.816773
-0.107006	0.0320773	-0.752459	0.091954	-0.00444875	-0.816821
-0.106984	0.0322282	-0.752167	0.0919231	-0.00449263	-0.816871
-0.106935	0.0324197	-0.75188	0.0919116	-0.00450123	-0.81692
-0.106903	0.0325839	-0.751597	0.0918866	-0.00453398	-0.816971
-0.106847	0.0327862	-0.751318	0.091884	-0.00453606	-0.81702
-0.106809	0.0329595	-0.75104	0.0918661	-0.00455739	-0.817072
-0.106783	0.0331102	-0.750763	0.0918358	-0.0045927	-0.817126
-0.106734	0.0332931	-0.750489	0.0918232	-0.00459441	-0.817176
-0.106705	0.0334517	-0.750215	0.0917976	-0.00461077	-0.817229
-0.106654	0.0336471	-0.749941	0.0917937	-0.00460657	-0.81728
-0.106618	0.0338225	-0.749665	0.0917747	-0.00461466	-0.817332
-0.106596	0.0339771	-0.749388	0.0917436	-0.00464747	-0.817386
-0.106549	0.0341663	-0.74911	0.0917355	-0.00464757	-0.817437
-0.106522	0.0343296	-0.748829	0.0917135	-0.00466082	-0.817489
-0.106473	0.0345297	-0.748547	0.0917132	-0.00465195	-0.817538
-0.106438	0.0347026	-0.74826	0.0916918	-0.00466285	-0.817589
-0.106421	0.0348607	-0.747969	0.0916592	-0.00468113	-0.81764
-0.106378	0.0350509	-0.747677	0.0916511	-0.00468086	-0.817689
-0.106354	0.035222	-0.747379	0.0916291	-0.00469233	-0.817739
-0.10631	0.0354187	-0.747079	0.0916306	-0.00468577	-0.817785
-0.106281	0.0355986	-0.746773	0.0916108	-0.00468946	-0.817833
-0.106268	0.0357643	-0.746463	0.0915794	-0.00470868	-0.817882
-0.106232	0.0359596	-0.746149	0.0915743	-0.00470639	-0.817928
-0.106209	0.0361352	-0.74583	0.0915491	-0.00471698	-0.817976
-0.106164	0.0363398	-0.745507	0.0915497	-0.0047157	-0.818021
-0.106139	0.0365266	-0.745178	0.0915347	-0.00472549	-0.818067
-0.10613	0.0366908	-0.744844	0.091502	-0.00473651	-0.818116
-0.106095	0.0368932	-0.744506	0.0914972	-0.00474221	-0.818161
-0.106079	0.0370741	-0.744163	0.0914779	-0.00475525	-0.818209
-0.106038	0.0372731	-0.743818	0.0914789	-0.00474846	-0.818254
-0.106016	0.0374533	-0.743466	0.0914643	-0.00475987	-0.818302
-0.10601	0.0376237	-0.743109	0.0914371	-0.00477998	-0.818351
-0.105977	0.037824	-0.74275	0.0914321	-0.00478558	-0.818398
-0.105967	0.0379992	-0.742385	0.0914129	-0.00480053	-0.818447
-0.105932	0.0381945	-0.742019	0.0914195	-0.0048026	-0.818494
-0.105915	0.0383695	-0.741648	0.0914092	-0.00481038	-0.818543
-0.105912	0.0385272	-0.741272	0.0913802	-0.00483108	-0.818594
-0.105882	0.0387107	-0.740894	0.0913783	-0.00483912	-0.818643
-0.10587	0.0388722	-0.740512	0.0913613	-0.00485522	-0.818694
-0.105839	0.0390648	-0.740129	0.0913686	-0.00486145	-0.818743
-0.105825	0.0392307	-0.739743	0.091359	-0.00487914	-0.818794
-0.105825	0.0393807	-0.739353	0.0913357	-0.00490601	-0.818847
-0.1058	0.0395578	-0.738962	0.0913366	-0.00491597	-0.818898
-0.105792	0.0397148	-0.738568	0.0913218	-0.00494129	-0.818951
-0.10576	0.0398904	-0.738174	0.0913282	-0.0049413	-0.819001
-0.105751	0.0400448	-0.737777	0.0913181	-0.00496241	-0.819054
-0.105756	0.0401812	-0.737378	0.0912998	-0.004994	-0.819108
-0.105737	0.0403483	-0.736979	0.0913018	-0.00500845	-0.81916
-0.105733	0.0404888	-0.736579	0.091288	-0.00503619	-0.819213
-0.105708	0.0406585	-0.73618	0.0912973	-0.00503489	-0.819265
-0.1057	0.0407948	-0.735779	0.0912892	-0.00505276	-0.819318
-0.105705	0.0409161	-0.735377	0.0912726	-0.0050863	-0.819373
-0.105689	0.0410668	-0.734977	0.0912779	-0.00509789	-0.819425
-0.105688	0.0411934	-0.734576	0.0912667	-0.00512788	-0.819479
-0.105669	0.0413497	-0.734177	0.0912746	-0.00512795	-0.819531
-0.105665	0.0414805	-0.733778	0.0912708	-0.0051432	-0.819585
-0.105674	0.0415865	-0.733379	0.0912576	-0.00517572	-0.81964
-0.105664	0.0417202	-0.732983	0.0912621	-0.00518634	-0.819693
-0.105667	0.041829	-0.732588	0.0912556	-0.00520759	-0.819748
-0.105655	0.0419664	-0.732195	0.091264	-0.00520936	-0.8198
-0.105656	0.0420774	-0.731805	0.0912605	-0.0052233	-0.819854
-0.105669	0.0421621	-0.731416	0.0912475	-0.00525452	-0.819909
-0.105666	0.0422818	-0.73103	0.0912543	-0.00526169	-0.819963
-0.105674	0.0423736	-0.730646	0.0912497	-0.00528522	-0.820017
-0.105669	0.0424971	-0.730265	0.0912563	-0.00527977	-0.82007
-0.105676	0.0425866	-0.729888	0.0912568	-0.00529204	-0.820125
-0.105693	0.042661	-0.729513	0.091247	-0.00531673	-0.82018
-0.105691	0.0427646	-0.729143	0.0912532	-0.00531712	-0.820233
-0.1057	0.0428376	-0.728776	0.0912479	-0.00533712	-0.820287
-0.105698	0.0429386	-0.728413	0.0912567	-0.00533229	-0.82034
-0.105707	0.0430162	-0.728055	0.0912589	-0.00533911	-0.820393
-0.105726	0.0430694	-0.7277	0.0912505	-0.00536134	-0.820447
-0.105733	0.0431511	-0.727351	0.0912553	-0.00536282	-0.820499
-0.105749	0.0432074	-0.727006	0.0912545	-0.00537155	-0.820551
-0.105759	0.0432894	-0.726667	0.0912645	-0.00536252	-0.820602
-0.105778	0.0433385	-0.726333	0.0912677	-0.00537471	-0.820653
-0.105805	0.0433662	-0.726004	0.0912602	-0.00538886	-0.820705
-0.10582	0.043424	-0.725681	0.0912632	-0.00538358	-0.820755
-0.105842	0.0434579	-0.725363	0.0912609	-0.00539594	-0.820805
-0.105855	0.0435173	-0.72505	0.0912721	-0.0053876	-0.820854
-0.105877	0.0435522	-0.724743	0.0912763	-0.00539741	-0.820904
-0.105905	0.0435582	-0.724442	0.0912749	-0.00541225	-0.820954
-0.105923	0.0435858	-0.724147	0.0912801	-0.00541324	-0.821003
-0.105954	0.0436001	-0.723857	0.0912799	-0.00542843	-0.821052
-0.105975	0.04363	-0.723574	0.0912901	-0.0054164	-0.8211
-0.106003	0.0436362	-0.723296	0.0912934	-0.00542159	-0.821149
-0.106037	0.0436235	-0.723024	0.0912966	-0.00543889	-0.821199
-0.106062	0.0436274	-0.72276	0.0913025	-0.00543558	-0.821247
-0.106098	0.043611	-0.722501	0.0913082	-0.00544764	-0.821296
-0.106125	0.0436115	-0.722248	0.0913145	-0.00544271	-0.821345
-0.106159	0.0435966	-0.722	0.0913201	-0.00545284	-0.821393
-0.106197	0.0435557	-0.721758	0.0913252	-0.00546758	-0.821442
-0.106229	0.0435389	-0.721522	0.0913346	-0.00546716	-0.821491
-0.10627	0.043501	-0.721292	0.0913429	-0.00548283	-0.821541
-0.106305	0.0434777	-0.721067	0.091348	-0.00547764	-0.82159
-0.106344	0.0434342	-0.720848	0.0913526	-0.00549104	-0.821639
-0.106387	0.0433654	-0.720635	0.0913622	-0.00550437	-0.821689
-0.106425	0.0433226	-0.720426	0.0913716	-0.00550735	-0.821739
-0.106472	0.0432607	-0.720223	0.09138	-0.0055194	-0.821788
-0.106514	0.0432147	-0.720023	0.0913868	-0.00551738	-0.821838
-0.10656	0.0431486	-0.71983	0.0913981	-0.00552777	-0.821888
-0.106607	0.0430674	-0.719641	0.0914077	-0.00554281	-0.821938
-0.106657	0.0430107	-0.719455	0.0914139	-0.0055457	-0.821988
-0.106708	0.0429278	-0.719274	0.0914248	-0.00555354	-0.822038
-0.106758	0.0428671	-0.719097	0.09143	-0.00555331	-0.822088
-0.106809	0.0427878	-0.718924	0.09144	-0.00556039	-0.822138
-0.10686	0.042693	-0.718755	0.0914539	-0.00557561	-0.822188
-0.106917	0.0426158	-0.718588	0.0914654	-0.00558376	-0.822239
-0.106974	0.0425215	-0.718426	0.0914751	-0.00559915	-0.822289
-0.107031	0.0424484	-0.718265	0.0914815	-0.00560142	-0.822339
-0.107087	0.0423521	-0.718108	0.0914925	-0.00561328	-0.822389
-0.107149	0.0422428	-0.717956	0.0915074	-0.00563294	-0.822438
-0.107211	0.042161	-0.717803	0.0915165	-0.0056421	-0.822488
-0.107272	0.0420559	-0.717656	0.0915296	-0.00565929	-0.822537
-0.107335	0.0419697	-0.717507	0.0915357	-0.0056614	-0.822587
-0.107402	0.0418667	-0.717363	0.091547	-0.00566469	-0.822635
-0.107466	0.0417501	-0.717222	0.0915672	-0.00567734	-0.822684
-0.107534	0.0416525	-0.717081	0.0915778	-0.00568231	-0.822733
-0.107603	0.0415404	-0.716942	0.0915927	-0.00569022	-0.822781
-0.107675	0.0414418	-0.716805	0.0915979	-0.00569343	-0.822829
-0.107749	0.0413283	-0.71667	0.0916136	-0.00569833	-0.822877
-0.10782	0.0412027	-0.716537	0.0916322	-0.00570988	-0.822924
-0.107894	0.0410912	-0.716404	0.0916448	-0.00571683	-0.822972
-0.107969	0.040972	-0.716274	0.0916612	-0.00572254	-0.823019
-0.108047	0.0408625	-0.716143	0.0916657	-0.00573392	-0.823066
-0.108126	0.0407449	-0.716014	0.091681	-0.00574314	-0.823113
-0.1082	0.0406197	-0.715887	0.0916993	-0.00574832	-0.823158
-0.108283	0.0405089	-0.715759	0.0917102	-0.00575345	-0.823204
-0.108366	0.0403805	-0.715634	0.0917307	-0.00575495	-0.823249
-0.108452	0.0402694	-0.715509	0.0917368	-0.00576647	-0.823295
-0.108537	0.0401473	-0.715385	0.0917534	-0.00577326	-0.82334
-0.108616	0.0400141	-0.715263	0.0917782	-0.00576703	-0.823384
-0.108705	0.0398905	-0.71514	0.0917874	-0.00577189	-0.823428
-0.108792	0.0397564	-0.71502	0.0918064	-0.00577028	-0.823472
-0.108883	0.0396329	-0.714899	0.0918153	-0.00577404	-0.823516
-0.108973	0.039505	-0.714779	0.0918341	-0.00577784	-0.823559
-0.10906	0.0393703	-0.714662	0.0918555	-0.00577701	-0.823601
-0.109152	0.0392447	-0.714543	0.0918654	-0.00578788	-0.823644
-0.109242	0.0391052	-0.714427	0.091885	-0.00579164	-0.823686
-0.109341	0.0389772	-0.71431	0.0918929	-0.00580114	-0.823729
-0.109437	0.0388398	-0.714196	0.091911	-0.0058031	-0.82377
-0.109525	0.0387014	-0.714084	0.091937	-0.00579866	-0.82381
-0.109625	0.0385645	-0.713971	0.0919489	-0.00580436	-0.823852
-0.10972	0.0384202	-0.71386	0.0919701	-0.00580939	-0.823892
-0.109827	0.038282	-0.713749	0.0919828	-0.00581508	-0.823934
-0.109923	0.0381393	-0.71364	0.0920045	-0.00581417	-0.823974
-0.110017	0.0379885	-0.713533	0.0920334	-0.00581386	-0.824013
-0.110122	0.0378422	-0.713426	0.0920459	-0.00581725	-0.824053
-0.110218	0.0376984	-0.713322	0.0920674	-0.00581543	-0.824093
-0.110327	0.0375569	-0.713216	0.0920778	-0.00583497	-0.824133
-0.11043	0.0374022	-0.713114	0.092098	-0.00583783	-0.824173
-0.110528	0.0372498	-0.713014	0.0921313	-0.00583631	-0.824211
-0.110636	0.0370967	-0.712914	0.0921446	-0.00584248	-0.82425
-0.110738	0.0369457	-0.712816	0.0921722	-0.00584515	-0.824289
-0.110854	0.0367924	-0.712719	0.0921799	-0.00586258	-0.824328
-0.110958	0.0366333	-0.712625	0.0922028	-0.0058724	-0.824366
-0.111058	0.0364759	-0.712532	0.0922384	-0.00587029	-0.824403
-0.111168	0.0363158	-0.71244	0.0922509	-0.00587812	-0.824442
-0.111273	0.0361562	-0.71235	0.0922781	-0.00587427	-0.824479
-0.111393	0.0359993	-0.712261	0.092288	-0.00589805	-0.824519
-0.111501	0.0358286	-0.712176	0.0923128	-0.005908	-0.824556
-0.111604	0.0356594	-0.712094	0.0923498	-0.00590508	-0.824592
-0.11172	0.0354926	-0.712011	0.0923662	-0.00591778	-0.82463
-0.111828	0.0353254	-0.711933	0.0923965	-0.00591852	-0.824666
-0.111949	0.0351577	-0.711853	0.0924061	-0.00593524	-0.824705
-0.112058	0.0349905	-0.711778	0.0924306	-0.00594084	-0.824741
-0.112161	0.0348158	-0.711707	0.0924675	-0.00593563	-0.824776
-0.11228	0.0346411	-0.711635	0.0924811	-0.00594808	-0.824812
-0.112391	0.0344656	-0.711567	0.0925092	-0.0059477	-0.824847
-0.112516	0.0342885	-0.711498	0.0925198	-0.00596532	-0.824884
-0.112629	0.0341113	-0.711434	0.0925452	-0.00596997	-0.824919
-0.11273	0.033934	-0.711374	0.0925825	-0.00596345	-0.824951
-0.112854	0.0337535	-0.711314	0.0925996	-0.00597133	-0.824987
-0.112965	0.0335717	-0.711259	0.0926301	-0.00597406	-0.82502
-0.113093	0.033386	-0.711203	0.0926402	-0.00599772	-0.825055
-0.113207	0.0332056	-0.711152	0.0926654	-0.00600041	-0.825088
-0.11331	0.0330181	-0.711105	0.0927078	-0.00599202	-0.825119
-0.113437	0.0328305	-0.711059	0.0927213	-0.0060084	-0.825152
-0.11355	0.0326422	-0.711017	0.0927544	-0.00600957	-0.825183
-0.113683	0.0324514	-0.710975	0.0927644	-0.0060327	-0.825216
-0.1138	0.0322611	-0.710937	0.0927895	-0.00603318	-0.825247
-0.113906	0.0320752	-0.710905	0.0928317	-0.00602791	-0.825276
-0.114033	0.0318847	-0.710872	0.092848	-0.00603968	-0.825307
-0.114141	0.0316977	-0.710844	0.0928829	-0.00603813	-0.825336
-0.114272	0.0314978	-0.710816	0.0928922	-0.00606014	-0.825367
-0.114388	0.0313032	-0.710793	0.0929221	-0.00605755	-0.825396
-0.114493	0.0311124	-0.710775	0.0929684	-0.00604385	-0.825422
-0.114621	0.0309063	-0.710757	0.0929857	-0.00605815	-0.825451
-0.114735	0.0307051	-0.710745	0.093022	-0.00605792	-0.825478
-0.114867	0.0305003	-0.710732	0.0930302	-0.00607739	-0.825508
-0.114985	0.0302994	-0.710724	0.0930592	-0.0060789	-0.825534
-0.11509	0.0301018	-0.710722	0.0931047	-0.0060683	-0.825559
-0.115216	0.0298975	-0.710719	0.0931192	-0.00608607	-0.825586
-0.115329	0.0296942	-0.710722	0.0931587	-0.00607853	-0.825611
-0.115462	0.0294834	-0.710724	0.0931672	-0.00610768	-0.825639
-0.11558	0.0292815	-0.710732	0.0931966	-0.00611087	-0.825663
-0.115681	0.0290788	-0.710745	0.0932477	-0.00609168	-0.825686
-0.115811	0.0288644	-0.710758	0.093265	-0.0061049	-0.825711
-0.115921	0.0286525	-0.710776	0.093301	-0.00609517	-0.825734
-0.116059	0.0284291	-0.710794	0.0933107	-0.00612421	-0.825761
-0.116176	0.0282141	-0.710818	0.0933407	-0.00612737	-0.825784
-0.116277	0.0280123	-0.710846	0.0933922	-0.00610922	-0.825804
-0.116403	0.0277937	-0.710874	0.0934079	-0.0061265	-0.825828
-0.116515	0.0275877	-0.710907	0.0934485	-0.00611811	-0.825849
-0.116651	0.0273574	-0.71094	0.0934544	-0.00614403	-0.825873
-0.116767	0.0271409	-0.710978	0.0934867	-0.00614408	-0.825894
-0.116867	0.0269337	-0.711022	0.09354	-0.00613023	-0.825912
-0.116994	0.0267131	-0.711064	0.0935553	-0.0061455	-0.825934
-0.117103	0.0264966	-0.711112	0.093595	-0.00614355	-0.825953
-0.117238	0.0262718	-0.711159	0.0936039	-0.00617125	-0.825975
-0.117349	0.0260569	-0.711212	0.0936382	-0.00617262	-0.825994
-0.117444	0.0258497	-0.71127	0.0936931	-0.00616052	-0.826011
-0.11757	0.0256233	-0.711326	0.0937134	-0.00617933	-0.826031
-0.117672	0.0254055	-0.711389	0.0937515	-0.00618111	-0.826048
-0.117803	0.025175	-0.71145	0.0937573	-0.00621359	-0.826069
-0.117916	0.0249529	-0.711516	0.0937898	-0.00621182	-0.826086
-0.118009	0.0247425	-0.711588	0.0938428	-0.00619735	-0.826101
-0.118133	0.0245105	-0.711657	0.0938601	-0.00621677	-0.826119
-0.118235	0.0242918	-0.711733	0.0939012	-0.00621158	-0.826134
-0.118363	0.0240574	-0.711807	0.0939132	-0.00624043	-0.826152
-0.118473	0.0238351	-0.711886	0.0939504	-0.00624361	-0.826167
-0.118563	0.0236223	-0.711971	0.0940075	-0.00622682	-0.82618
-0.118682	0.0233904	-0.712053	0.0940262	-0.00624726	-0.826196
-0.11878	0.0231745	-0.712141	0.0940685	-0.00624298	-0.826209
-0.118906	0.0229445	-0.712227	0.0940749	-0.00627457	-0.826226
-0.119009	0.0227234	-0.712319	0.0941128	-0.00627296	-0.826239
-0.119095	0.0225152	-0.712416	0.0941702	-0.00625944	-0.82625
-0.119211	0.0222887	-0.712511	0.0941882	-0.0062768	-0.826263
-0.119306	0.0220749	-0.712611	0.0942298	-0.00627845	-0.826275
-0.119431	0.021835	-0.71271	0.0942399	-0.00630871	-0.826289
-0.119534	0.0216154	-0.712814	0.0942753	-0.00631235	-0.8263
-0.119614	0.0214069	-0.712923	0.0943306	-0.00629775	-0.826309
-0.119728	0.0211742	-0.71303	0.0943513	-0.00631536	-0.826321
-0.119816	0.0209603	-0.713143	0.0943949	-0.00630895	-0.826329
-0.119937	0.0207221	-0.713253	0.0944056	-0.00634165	-0.826341
-0.120031	0.0205092	-0.713368	0.0944412	-0.00634899	-0.82635
-0.120109	0.0203016	-0.713489	0.0945025	-0.00632726	-0.826356
-0.120217	0.0200717	-0.713608	0.0945212	-0.00635715	-0.826366
-0.120301	0.0198571	-0.713733	0.0945688	-0.00635367	-0.826373
-0.120419	0.0196204	-0.713855	0.0945768	-0.00638891	-0.826383
-0.120511	0.0194037	-0.713984	0.0946157	-0.00639139	-0.82639
-0.120583	0.0191976	-0.714117	0.094674	-0.00636511	-0.826393
-0.120686	0.0189711	-0.714248	0.0946952	-0.00639252	-0.826401
-0.120766	0.0187619	-0.714385	0.0947393	-0.0063863	-0.826405
-0.120877	0.018531	-0.714519	0.094749	-0.00642285	-0.826413
-0.120963	0.018317	-0.71466	0.0947841	-0.00642473	-0.826417
-0.121025	0.0181225	-0.714805	0.0948441	-0.00640518	-0.826418
-0.121122	0.0179002	-0.714949	0.0948667	-0.00642409	-0.826422
-0.121197	0.017692	-0.715099	0.0949118	-0.00641869	-0.826423
-0.121299	0.0174632	-0.715246	0.0949218	-0.00644892	-0.826428
-0.121378	0.0172541	-0.7154	0.0949567	-0.00646047	-0.82643
-0.121435	0.017054	-0.715559	0.0950169	-0.00644229	-0.826429
-0.121527	0.0168299	-0.715716	0.0950392	-0.0064698	-0.826431
-0.121594	0.0166286	-0.715878	0.0950839	-0.00646477	-0.82643
-0.121689	0.0164013	-0.716038	0.0950936	-0.00649724	-0.826432
-0.121759	0.0161907	-0.716206	0.0951334	-0.00650211	-0.826431
-0.121813	0.0159936	-0.716378	0.0951925	-0.00647867	-0.826427
-0.121898	0.0157725	-0.716549	0.0952136	-0.0065032	-0.826427
-0.12196	0.0155654	-0.716725	0.0952627	-0.00649483	-0.826424
-0.122051	0.0153345	-0.7169	0.0952759	-0.00653338	-0.826424
-0.122117	0.0151249	-0.717081	0.0953134	-0.00653631	-0.826421
-0.122164	0.0149356	-0.717268	0.0953756	-0.00651094	-0.826414
-0.122238	0.0147189	-0.717452	0.0953989	-0.00653637	-0.826412
-0.12229	0.014525	-0.717643	0.0954444	-0.00653589	-0.826406
-0.122375	0.0143	-0.717832	0.095455	-0.00657453	-0.826405
-0.12243	0.0140986	-0.718028	0.0954952	-0.00658615	-0.826399
-0.122468	0.0139071	-0.71823	0.0955543	-0.00656811	-0.826391
-0.122536	0.0136902	-0.718429	0.0955758	-0.006591	-0.826386
-0.122583	0.0134925	-0.718635	0.0956251	-0.00658912	-0.826378
-0.122658	0.0132742	-0.718839	0.095639	-0.00662772	-0.826374
-0.122706	0.0130738	-0.71905	0.0956766	-0.00663298	-0.826367
-0.122738	0.0128879	-0.719267	0.0957388	-0.00661624	-0.826356
-0.1228	0.0126713	-0.719482	0.0957633	-0.00664208	-0.826348
-0.122838	0.0124769	-0.719704	0.0958095	-0.00663729	-0.826338
-0.122905	0.0122522	-0.719924	0.0958216	-0.00667295	-0.826332
-0.122947	0.0120503	-0.72015	0.095863	-0.00668218	-0.826321
-0.122969	0.0118662	-0.720383	0.0959227	-0.0066634	-0.826308
-0.123023	0.0116594	-0.720613	0.095946	-0.00668837	-0.826299
-0.123054	0.0114709	-0.720851	0.0959965	-0.00668222	-0.826286
-0.123115	0.0112596	-0.721086	0.0960075	-0.00671819	-0.826277
-0.123148	0.0110654	-0.721328	0.0960477	-0.00672767	-0.826264
-0.123162	0.0108848	-0.721577	0.0961118	-0.00671053	-0.826249
-0.123209	0.0106835	-0.721824	0.0961341	-0.00673805	-0.826237
-0.12323	0.0104956	-0.722078	0.0961835	-0.00673302	-0.826221
-0.123282	0.0102822	-0.72233	0.0962	-0.0067718	-0.82621
-0.123307	0.0100886	-0.722589	0.0962395	-0.00677582	-0.826194
-0.123315	0.00991854	-0.722853	0.0963029	-0.00675485	-0.826177
-0.123352	0.00971628	-0.723117	0.0963254	-0.0067852	-0.826162
-0.123364	0.00953033	-0.723386	0.096375	-0.00678412	-0.826144
-0.123409	0.0093197	-0.723655	0.0963875	-0.00682377	-0.826129
-0.123427	0.00913302	-0.72393	0.0964291	-0.00683041	-0.826111
-0.123426	0.00896412	-0.724212	0.0964939	-0.0068106	-0.826091
-0.123453	0.00876539	-0.724493	0.096519	-0.00683682	-0.826074
-0.123459	0.00858619	-0.724779	0.0965653	-0.00683175	-0.826053
-0.123491	0.00838369	-0.725064	0.0965816	-0.00687006	-0.826036
-0.1235	0.00820041	-0.725356	0.0966207	-0.00688317	-0.826016
-0.123491	0.00803823	-0.725654	0.0966835	-0.00686791	-0.825993
-0.123511	0.00784159	-0.725951	0.0967086	-0.00689686	-0.825974
-0.12351	0.0076734	-0.726254	0.0967602	-0.00689521	-0.825951
-0.123531	0.00746955	-0.726555	0.0967768	-0.00693498	-0.825932
-0.123531	0.00729353	-0.726864	0.0968164	-0.00694107	-0.825909
-0.123515	0.00713432	-0.72718	0.0968796	-0.0069216	-0.825884
-0.123523	0.00694211	-0.727493	0.0969063	-0.00694724	-0.825861
-0.123512	0.00677529	-0.727812	0.0969539	-0.00694136	-0.825836
-0.123524	0.0065813	-0.728131	0.0969741	-0.0069873	-0.825813
-0.123517	0.00640552	-0.728456	0.0970166	-0.00699803	-0.825788
-0.123489	0.00624761	-0.728787	0.0970765	-0.0069815	-0.82576
-0.123491	0.00606029	-0.729117	0.0971028	-0.00701098	-0.825735
-0.123471	0.00589981	-0.729454	0.0971498	-0.00700814	-0.825707
-0.123473	0.00570785	-0.729789	0.0971716	-0.00705541	-0.825682
-0.123458	0.00554243	-0.730131	0.0972153	-0.00706833	-0.825654
-0.123424	0.00539748	-0.730479	0.0972762	-0.00705371	-0.825624
-0.123414	0.00521649	-0.730826	0.0973053	-0.00707657	-0.825596
-0.123385	0.00505797	-0.731178	0.0973543	-0.00707762	-0.825566
-0.123378	0.00487785	-0.73153	0.0973748	-0.00712012	-0.825538
-0.12335	0.00471818	-0.731889	0.0974172	-0.00712904	-0.825508
-0.123305	0.00457496	-0.732252	0.0974769	-0.00711202	-0.825474
-0.123285	0.00440463	-0.732616	0.097507	-0.00714729	-0.825444
-0.123247	0.0042505	-0.732985	0.0975572	-0.00714437	-0.825411
-0.123231	0.00406965	-0.733354	0.0975756	-0.00718279	-0.825381
-0.123196	0.00391381	-0.733729	0.097616	-0.00719723	-0.825347
-0.123145	0.00377553	-0.734109	0.0976743	-0.00718457	-0.825312
-0.123118	0.00360583	-0.734489	0.0977061	-0.00720813	-0.825279
-0.123075	0.00346356	-0.734874	0.0977572	-0.00721073	-0.825244
-0.123047	0.00328937	-0.735259	0.0977786	-0.00725357	-0.825211
-0.123002	0.00314041	-0.735651	0.0978216	-0.00726307	-0.825175
-0.122944	0.00301173	-0.736047	0.0978819	-0.00724756	-0.825137
-0.122908	0.00284579	-0.736443	0.0979124	-0.00727531	-0.825101
-0.122852	0.00270976	-0.736844	0.0979621	-0.0072829	-0.825063
-0.122817	0.00254411	-0.737245	0.0979857	-0.00732141	-0.825027
-0.122761	0.00239851	-0.737652	0.0980299	-0.00733575	-0.824989
-0.122694	0.00227617	-0.738064	0.098086	-0.00731724	-0.824949
-0.122648	0.00212548	-0.738476	0.0981209	-0.00734985	-0.824911
-0.122584	0.00199006	-0.738893	0.098169	-0.00735239	-0.82487
-0.12254	0.0018344	-0.739311	0.0981939	-0.00739542	-0.824831
-0.122477	0.00170119	-0.739733	0.0982394	-0.00740586	-0.824791
-0.122404	0.00158411	-0.740161	0.0982962	-0.00739171	-0.824748
-0.122346	0.00143465	-0.740589	0.0983292	-0.00741966	-0.824707
-0.122276	0.00131075	-0.741022	0.0983762	-0.00741967	-0.824665
-0.12222	0.0011619	-0.741455	0.0984025	-0.00746624	-0.824623
-0.122147	0.00103514	-0.741894	0.0984439	-0.00747346	-0.82458
-0.122065	0.000928155	-0.742337	0.0984975	-0.00746292	-0.824535
-0.121998	0.000790792	-0.74278	0.0985307	-0.00749516	-0.824491
-0.121916	0.000672577	-0.743228	0.0985775	-0.0074976	-0.824446
-0.121852	0.000531435	-0.743677	0.0986075	-0.00753747	-0.824401
-0.121772	0.000414774	-0.744131	0.0986512	-0.00755551	-0.824356
-0.12168	0.000311888	-0.74459	0.0987064	-0.00754666	-0.824308
-0.121607	0.000174644	-0.745048	0.0987446	-0.00757721	-0.824262
-0.12152	6.50226e-05	-0.745512	0.0987953	-0.00757958	-0.824214
-0.121443	-7.24723e-05	-0.745976	0.0988257	-0.00761929	-0.824168
-0.121359	-0.000188967	-0.746445	0.0988702	-0.00763626	-0.824119
-0.121262	-0.000284277	-0.746919	0.098926	-0.00762689	-0.82407
-0.121177	-0.000411855	-0.747394	0.0989618	-0.00766323	-0.824021
-0.12108	-0.000515346	-0.747872	0.0990106	-0.00767092	-0.823971
-0.120993	-0.000637862	-0.748352	0.099043	-0.00770606	-0.823921
-0.1209	-0.000739772	-0.748836	0.0990891	-0.00771881	-0.82387
-0.120796	-0.000826174	-0.749325	0.0991408	-0.0077073	-0.823817
-0.120702	-0.000943519	-0.749815	0.0991821	-0.00773391	-0.823766
-0.120598	-0.00103747	-0.750309	0.09923	-0.00773448	-0.823713
-0.120502	-0.00115437	-0.750804	0.099264	-0.00778451	-0.823661
-0.120401	-0.00124927	-0.751304	0.0993118	-0.00780245	-0.823608
-0.120291	-0.00132746	-0.751808	0.0993647	-0.00779594	-0.823553
-0.120188	-0.00143409	-0.752313	0.099405	-0.007825	-0.823499
-0.120077	-0.00151653	-0.752823	0.0994518	-0.00783451	-0.823444
-0.119972	-0.00162611	-0.753335	0.0994889	-0.00787483	-0.823389
-0.119863	-0.00171182	-0.75385	0.0995336	-0.00788644	-0.823333
-0.119747	-0.0017796	-0.754369	0.0995839	-0.0078811	-0.823276
-0.119636	-0.00188135	-0.75489	0.0996255	-0.00791008	-0.823219
-0.119518	-0.00196222	-0.755415	0.0996732	-0.00791941	-0.823161
-0.119405	-0.00206762	-0.755942	0.0997144	-0.00795965	-0.823104
-0.119284	-0.00214637	-0.756473	0.0997617	-0.00797828	-0.823045
-0.119163	-0.00221241	-0.757008	0.0998148	-0.00797224	-0.822986
-0.119044	-0.0022999	-0.757544	0.0998565	-0.00799934	-0.822927
-0.11892	-0.00237502	-0.758085	0.0999044	-0.00800706	-0.822866
-0.118798	-0.00247148	-0.758628	0.0999491	-0.00804433	-0.822806
-0.118675	-0.00254075	-0.759175	0.0999944	-0.00806042	-0.822746
-0.118546	-0.0025953	-0.759725	0.100045	-0.00805416	-0.822684
-0.118419	-0.00267662	-0.760277	0.100088	-0.00808606	-0.822622
-0.118287	-0.00274434	-0.760834	0.100138	-0.00808999	-0.82256
-0.11816	-0.00283056	-0.761394	0.100182	-0.00813089	-0.822497
-0.118028	-0.00289484	-0.761956	0.100226	-0.00814978	-0.822434
-0.117892	-0.00294972	-0.762523	0.100276	-0.00814472	-0.82237
-0.117756	-0.00302106	-0.763092	0.100322	-0.00817762	-0.822305
-0.11762	-0.0030768	-0.763665	0.100369	-0.00819	-0.82224
-0.117483	-0.00315718	-0.76424	0.100414	-0.00822789	-0.822175
-0.117347	-0.00321381	-0.764819	0.100459	-0.00824604	-0.822109
-0.117207	-0.00325947	-0.765402	0.100504	-0.00824801	-0.822043
-0.117064	-0.00332657	-0.765987	0.10055	-0.0082836	-0.821976
-0.116923	-0.00337518	-0.766575	0.100596	-0.00829209	-0.821909
-0.116778	-0.00343823	-0.767167	0.100644	-0.00833297	-0.821841
-0.116635	-0.00348534	-0.767762	0.100692	-0.00835255	-0.821773
-0.11649	-0.00352081	-0.768359	0.10074	-0.00834984	-0.821704
-0.116344	-0.00358279	-0.768961	0.100791	-0.00838028	-0.821635
-0.116196	-0.00362498	-0.769565	0.100841	-0.00839166	-0.821566
-0.116045	-0.0036858	-0.770174	0.100891	-0.00843321	-0.821495
-0.115894	-0.00373584	-0.770784	0.100939	-0.0084539	-0.821425
-0.115746	-0.00376414	-0.771398	0.100988	-0.00845238	-0.821354
-0.115589	-0.00381639	-0.772016	0.101038	-0.00848241	-0.821283
-0.115437	-0.00384781	-0.772636	0.101087	-0.00849364	-0.821211
-0.11528	-0.00390172	-0.773261	0.101139	-0.00853289	-0.821138
-0.115122	-0.00393667	-0.773887	0.10119	-0.00855368	-0.821065
-0.114969	-0.0039572	-0.774517	0.101234	-0.00855868	-0.820993
-0.114809	-0.00399961	-0.775151	0.101285	-0.00859127	-0.820918
-0.114655	-0.00402605	-0.775788	0.101334	-0.00860588	-0.820844
-0.114493	-0.00408082	-0.776428	0.101391	-0.00863878	-0.820769
-0.11433	-0.00411196	-0.777071	0.101439	-0.00866051	-0.820693
-0.114173	-0.00413412	-0.777716	0.101482	-0.00865928	-0.820619
-0.114007	-0.00416601	-0.778365	0.101534	-0.00869284	-0.820542
-0.113846	-0.0041885	-0.779017	0.101585	-0.00870803	-0.820466
-0.113676	-0.00422202	-0.779672	0.101646	-0.00874081	-0.820388
-0.113512	-0.00424037	-0.78033	0.101698	-0.00876296	-0.820311
-0.113353	-0.00424918	-0.78099	0.101744	-0.00876978	-0.820234
-0.113181	-0.00427225	-0.781654	0.101796	-0.00880057	-0.820155
-0.113016	-0.00429293	-0.782321	0.101842	-0.00881241	-0.820076
-0.112843	-0.00432755	-0.782992	0.101902	-0.0088479	-0.819996
-0.112677	-0.00433728	-0.783665	0.101954	-0.0088734	-0.819916
-0.112517	-0.00434392	-0.78434	0.102	-0.00887432	-0.819837
-0.11234	-0.0043607	-0.785019	0.102055	-0.0089068	-0.819756
-0.112176	-0.00436581	-0.7857	0.102104	-0.00892277	-0.819676
-0.111995	-0.00439143	-0.786385	0.102169	-0.0089569	-0.819593
-0.111822	-0.00439944	-0.787073	0.102219	-0.00897413	-0.819511
-0.11166	-0.00439283	-0.787763	0.102264	-0.00898401	-0.81943
-0.11148	-0.00440385	-0.788457	0.102322	-0.0090146	-0.819347
-0.111312	-0.00440115	-0.789152	0.102372	-0.00903596	-0.819265
-0.111124	-0.00440866	-0.789853	0.102436	-0.00907413	-0.81918
-0.110951	-0.00441362	-0.790554	0.102486	-0.00910092	-0.819096
-0.110789	-0.00440184	-0.791257	0.102531	-0.00911187	-0.819013
-0.110604	-0.00440365	-0.791965	0.102592	-0.00914049	-0.818927
-0.110433	-0.00440026	-0.792675	0.102639	-0.00916128	-0.818843
-0.110244	-0.00440931	-0.793389	0.102704	-0.0091967	-0.818756
-0.110069	-0.0044002	-0.794105	0.102761	-0.00921455	-0.81867
-0.109901	-0.00438165	-0.794822	0.102804	-0.00922465	-0.818585
-0.109712	-0.00437329	-0.795544	0.102868	-0.00925213	-0.818496
-0.109538	-0.00435222	-0.796267	0.102918	-0.00927011	-0.81841
-0.109343	-0.00435074	-0.796996	0.102988	-0.00930238	-0.81832
-0.109164	-0.00433661	-0.797726	0.103042	-0.00932497	-0.818232
-0.108995	-0.0043133	-0.798456	0.103085	-0.00933376	-0.818145
-0.10881	-0.00430368	-0.799192	0.103151	-0.00936458	-0.818055
-0.108636	-0.00427963	-0.799929	0.103197	-0.00937751	-0.817966
-0.10844	-0.00427084	-0.800671	0.103267	-0.00941133	-0.817874
-0.108258	-0.00424867	-0.801414	0.103322	-0.00943589	-0.817784
-0.108093	-0.00421702	-0.802158	0.103365	-0.00945307	-0.817696
-0.107901	-0.00419881	-0.802908	0.103429	-0.00947992	-0.817603
-0.107728	-0.00416271	-0.803658	0.103479	-0.0094993	-0.817513
-0.107527	-0.00414219	-0.804414	0.103555	-0.00953514	-0.817419
-0.107347	-0.00411485	-0.80517	0.103609	-0.00956108	-0.817327
-0.107183	-0.00407633	-0.805927	0.103652	-0.00957257	-0.817237
-0.106993	-0.00404895	-0.80669	0.10372	-0.00960105	-0.817142
-0.106822	-0.0040045	-0.807442	0.103767	-0.00962802	-0.81705
-0.106634	-0.0039564	-0.808165	0.103842	-0.00966057	-0.816955
-0.106482	-0.00388276	-0.808842	0.103897	-0.00968343	-0.816863
-0.106353	-0.00379205	-0.809462	0.103935	-0.00969668	-0.816774
-0.106202	-0.00368842	-0.810028	0.104006	-0.00972311	-0.816682
-0.106081	-0.00356193	-0.810533	0.104058	-0.00974737	-0.816593
-0.105935	-0.00343259	-0.810983	0.104137	-0.00977978	-0.8165
-0.105817	-0.00328587	-0.811376	0.104196	-0.00980315	-0.816412
-0.105723	-0.00311546	-0.811715	0.104237	-0.00981807	-0.816327
-0.105597	-0.00294958	-0.81201	0.10431	-0.00984301	-0.816239
-0.105497	-0.0027655	-0.812258	0.104363	-0.0098582	-0.816154
-0.105371	-0.00258903	-0.81247	0.104445	-0.00988065	-0.816065
-0.105271	-0.00240543	-0.812642	0.104506	-0.00990174	-0.81598
-0.105191	-0.00221028	-0.81278	0.10455	-0.00991581	-0.815898
-0.105077	-0.00202626	-0.812897	0.104625	-0.00994276	-0.815813
-0.104986	-0.00184222	-0.81299	0.10468	-0.00996118	-0.815731
-0.104863	-0.00166998	-0.813071	0.10477	-0.00998068	-0.815644
-0.10477	-0.00150555	-0.813135	0.104831	-0.0100018	-0.815562
-0.104696	-0.00135472	-0.813186	0.104875	-0.0100161	-0.815483
-0.104588	-0.00122438	-0.813233	0.104955	-0.0100348	-0.8154
-0.104507	-0.00111248	-0.813273	0.105013	-0.0100551	-0.815321
-0.104396	-0.00102843	-0.813315	0.105101	-0.0100668	-0.815238
-0.104313	-0.000962728	-0.813351	0.105172	-0.0100825	-0.815159
-0.104252	-0.000920739	-0.813378	0.105224	-0.0101014	-0.815083
-0.104161	-0.000896222	-0.813401	0.105304	-0.010115	-0.815004
-0.104093	-0.000876352	-0.813412	0.105367	-0.0101394	-0.814928
-0.104001	-0.000863474	-0.813417	0.105458	-0.0101553	-0.81485
-0.103932	-0.000857006	-0.81341	0.105531	-0.0101737	-0.814775
-0.103879	-0.000855922	-0.813392	0.10559	-0.0101949	-0.814703
-0.103801	-0.000853872	-0.813371	0.105672	-0.010208	-0.814628
-0.103739	-0.000867734	-0.813341	0.105738	-0.0102236	-0.814557
-0.103653	-0.000875485	-0.813309	0.105823	-0.0102327	-0.814484
-0.103586	-0.00089187	-0.813271	0.105895	-0.010244	-0.814415
-0.103528	-0.000910088	-0.813229	0.105958	-0.0102564	-0.814347
-0.103454	-0.000920078	-0.813188	0.106036	-0.0102644	-0.814278
-0.103396	-0.00093696	-0.813145	0.106098	-0.0102677	-0.814212
-0.103321	-0.000954065	-0.813104	0.106178	-0.0102739	-0.814144
-0.103265	-0.000973638	-0.813063	0.106237	-0.0102719	-0.81408
-0.103227	-0.000982171	-0.813021	0.106279	-0.0102702	-0.814019
-0.10316	-0.00100031	-0.812985	0.10635	-0.0102771	-0.813956
-0.103117	-0.00102023	-0.812949	0.106396	-0.0102681	-0.813896
-0.10304	-0.00104398	-0.812919	0.106477	-0.0102775	-0.813833
-0.102994	-0.00105857	-0.812889	0.106526	-0.0102863	-0.813775
-0.102972	-0.00107842	-0.812859	0.106551	-0.0102834	-0.813721
-0.102905	-0.00110406	-0.812837	0.106616	-0.0102946	-0.813663
-0.102871	-0.00112565	-0.812813	0.106648	-0.010295	-0.813609
-0.102793	-0.00115642	-0.812799	0.106732	-0.0103106	-0.81355
-0.10275	-0.00117933	-0.812781	0.106774	-0.0103111	-0.813497
-0.102741	-0.0011943	-0.812761	0.106784	-0.0103007	-0.813449
-0.102675	-0.00122315	-0.81275	0.106856	-0.0103154	-0.813393
-0.102652	-0.00124158	-0.812735	0.106885	-0.0103266	-0.813343
-0.102562	-0.0012723	-0.812729	0.106979	-0.0103439	-0.813284
-0.102521	-0.00129999	-0.812718	0.10702	-0.0103556	-0.813232
-0.102522	-0.00131984	-0.812702	0.107018	-0.0103635	-0.813185
-0.102447	-0.00135427	-0.812697	0.107094	-0.0103795	-0.813126
-0.102426	-0.00138372	-0.812686	0.10712	-0.0103994	-0.813073
-0.102328	-0.00141291	-0.812686	0.107223	-0.0104253	-0.813008
-0.102289	-0.00144166	-0.812678	0.107266	-0.0104472	-0.812949
-0.102298	-0.00148032	-0.812665	0.107256	-0.0104753	-0.812895
-0.102219	-0.00150335	-0.812664	0.107338	-0.0105002	-0.812827
-0.102196	-0.00154355	-0.812655	0.107358	-0.0105383	-0.812764
-0.102086	-0.00156776	-0.812659	0.107472	-0.0105585	-0.812688
-0.102043	-0.00160736	-0.812655	0.107518	-0.0105936	-0.812617
-0.102053	-0.0016601	-0.812644	0.10751	-0.0106435	-0.812552
-0.101969	-0.00169207	-0.812646	0.107594	-0.0106714	-0.812471
-0.101946	-0.0017456	-0.812642	0.107617	-0.0107203	-0.812396
-0.101829	-0.00175709	-0.812649	0.107733	-0.0107357	-0.812308
-0.101785	-0.00180006	-0.812649	0.107781	-0.0107844	-0.812226
-0.101794	-0.0018703	-0.812643	0.107774	-0.0108549	-0.812151
-0.101701	-0.00188153	-0.81265	0.107868	-0.0108748	-0.812061
-0.101672	-0.00193682	-0.81265	0.107897	-0.0109361	-0.811979
-0.101554	-0.00193438	-0.812663	0.108018	-0.0109377	-0.811886
-0.101504	-0.00198049	-0.812668	0.108069	-0.0109852	-0.8118
-0.101509	-0.00206711	-0.812667	0.108063	-0.0110721	-0.811722
-0.101412	-0.00207495	-0.812679	0.108158	-0.0110836	-0.811632
-0.101379	-0.00213851	-0.812684	0.108193	-0.0111464	-0.811552
-0.101255	-0.00210978	-0.812702	0.108315	-0.0111272	-0.811461
-0.101202	-0.0021488	-0.812712	0.108372	-0.0111691	-0.811379
-0.101198	-0.00224837	-0.812717	0.108375	-0.0112605	-0.811305
-0.101105	-0.0022428	-0.812734	0.108472	-0.0112557	-0.811222
-0.101065	-0.00230117	-0.812745	0.108508	-0.0113063	-0.811145
-0.100943	-0.00226283	-0.812766	0.108622	-0.0112647	-0.811061
-0.100887	-0.00230061	-0.812782	0.108682	-0.0112914	-0.810984
-0.100871	-0.00239608	-0.812793	0.108693	-0.0113721	-0.810913
-0.100777	-0.00238334	-0.812814	0.108785	-0.0113368	-0.810833
-0.100733	-0.00244135	-0.812831	0.108827	-0.0113695	-0.810759
-0.10062	-0.00238586	-0.812857	0.108941	-0.0112968	-0.810678
-0.10056	-0.00240723	-0.812876	0.108999	-0.0112993	-0.810603
-0.100536	-0.00249716	-0.812892	0.109019	-0.0113552	-0.810533
-0.100444	-0.00247272	-0.812917	0.109106	-0.0113051	-0.810456
-0.100396	-0.00251403	-0.812937	0.109153	-0.0113138	-0.810382
-0.100289	-0.00245369	-0.812965	0.109258	-0.0112262	-0.810302
-0.100228	-0.00247202	-0.812989	0.10932	-0.0112032	-0.810225
-0.100199	-0.0025414	-0.813007	0.109349	-0.0112303	-0.810148
-0.100111	-0.00250704	-0.813034	0.109429	-0.011147	-0.81006
-0.100061	-0.00253559	-0.813056	0.109478	-0.0111209	-0.809972
-0.0999651	-0.00248375	-0.813085	0.109571	-0.0110087	-0.809873
-0.0998984	-0.00249196	-0.813109	0.109634	-0.0109443	-0.809771
-0.0998599	-0.00254842	-0.81313	0.10967	-0.0109232	-0.809664
-0.099777	-0.00252367	-0.813157	0.10975	-0.0108137	-0.809544
-0.0997207	-0.00254389	-0.81318	0.109804	-0.0107301	-0.809416
-0.0996318	-0.00250255	-0.813208	0.109891	-0.0105798	-0.809271
-0.099571	-0.0025059	-0.813233	0.109956	-0.0104619	-0.809117
-0.099527	-0.00254217	-0.813256	0.109999	-0.0103608	-0.808951
-0.0994515	-0.00252445	-0.813282	0.110075	-0.0101836	-0.808766
-0.0993961	-0.00253476	-0.813306	0.110133	-0.0100214	-0.808569
-0.0993145	-0.00250891	-0.813332	0.110212	-0.00980275	-0.808354
-0.0992495	-0.00250685	-0.813357	0.110278	-0.00959537	-0.808124
-0.0991972	-0.00252998	-0.813379	0.110328	-0.00938159	-0.807878
-0.0991275	-0.00252342	-0.813405	0.110398	-0.00911272	-0.807613
-0.099067	-0.00254018	-0.813428	0.110464	-0.00883489	-0.80733
-0.0989952	-0.00253105	-0.813452	0.110537	-0.00852023	-0.807026
-0.0989276	-0.00253844	-0.813476	0.110604	-0.0081952	-0.806703
-0.0988688	-0.0025663	-0.813498	0.110667	-0.00785802	-0.806359
-0.0988035	-0.00257335	-0.813521	0.110735	-0.00748247	-0.805992
-0.0987363	-0.00258682	-0.813543	0.110804	-0.00709943	-0.805603
-0.0986745	-0.00259449	-0.813565	0.110872	-0.00668336	-0.805192
-0.0986101	-0.002614	-0.813587	0.110941	-0.00624964	-0.804757
-0.0985436	-0.00263636	-0.813609	0.111012	-0.00579935	-0.804299
-0.0984818	-0.00265566	-0.813629	0.111078	-0.00532211	-0.803818
-0.0984124	-0.00268452	-0.81365	0.11115	-0.00483251	-0.803313
-0.0983573	-0.00270974	-0.81367	0.111209	-0.00432178	-0.802787
-0.0982933	-0.00273533	-0.813691	0.111277	-0.00379386	-0.802235
-0.0982172	-0.00276985	-0.813713	0.111357	-0.00326598	-0.80166
-0.0981653	-0.00280105	-0.813733	0.111413	-0.00271384	-0.801066
-0.0980988	-0.00284084	-0.813756	0.111484	-0.00214355	-0.800448
-0.0980524	-0.00286682	-0.813775	0.11153	-0.00156171	-0.799811
-0.0979906	-0.00290104	-0.813798	0.111597	-0.000983013	-0.799153
-0.097911	-0.00293795	-0.813822	0.111677	-0.000393808	-0.798472
-0.0978615	-0.00296385	-0.813844	0.111728	0.000215091	-0.797776
-0.0977916	-0.00300799	-0.81387	0.111795	0.000816243	-0.79706
-0.0977563	-0.0030324	-0.813892	0.111829	0.00144274	-0.79633
-0.097698	-0.00307252	-0.813918	0.111888	0.00206344	-0.795581
-0.0976162	-0.00312144	-0.813949	0.111964	0.00267444	-0.794813
-0.0975773	-0.00314771	-0.813975	0.112007	0.00331196	-0.794037
-0.097511	-0.00319361	-0.814005	0.112071	0.00393304	-0.793243
-0.0974836	-0.00321372	-0.814031	0.112093	0.00458365	-0.792442
-0.0974267	-0.00325847	-0.814062	0.112145	0.00521362	-0.791626
-0.0973459	-0.00330724	-0.814096	0.112217	0.00582992	-0.790796
-0.0973112	-0.00333186	-0.814124	0.112247	0.00647994	-0.789963
-0.0972428	-0.00337857	-0.814157	0.1123	0.00710121	-0.789117
-0.0972211	-0.00338688	-0.814185	0.112311	0.00775691	-0.78827
-0.0971689	-0.00341142	-0.814217	0.112355	0.00838596	-0.787412
-0.0970864	-0.0034621	-0.814252	0.112419	0.00899568	-0.786545
-0.0970559	-0.00348078	-0.814282	0.112437	0.0096436	-0.785681
-0.0969909	-0.00351338	-0.814314	0.11248	0.0102542	-0.784808
-0.096976	-0.00351007	-0.814342	0.112479	0.0109055	-0.78394
-0.0969235	-0.00352769	-0.814372	0.112507	0.0115279	-0.783066
-0.0968466	-0.00356525	-0.814406	0.112564	0.0121233	-0.782188
-0.0968176	-0.00357068	-0.814433	0.112567	0.0127551	-0.781316
-0.0967542	-0.00359704	-0.814463	0.112604	0.0133533	-0.780442
-0.0967417	-0.00358732	-0.814488	0.11259	0.0139854	-0.779576
-0.0966912	-0.00360161	-0.814516	0.112608	0.0145824	-0.77871
-0.0966154	-0.00363876	-0.814547	0.11265	0.0151555	-0.777844
-0.0965883	-0.00363458	-0.814572	0.112647	0.0157645	-0.77699
-0.0965314	-0.00364772	-0.814601	0.112672	0.0163445	-0.776138
-0.0965185	-0.00363479	-0.814624	0.11265	0.0169546	-0.775298
-0.096473	-0.0036408	-0.814651	0.11266	0.0175282	-0.774461
-0.0964009	-0.00366365	-0.814681	0.112691	0.01808	-0.77363
-0.0963805	-0.00365777	-0.814706	0.112673	0.0186485	-0.772815
-0.0963235	-0.00367213	-0.814735	0.112687	0.0191939	-0.772005
-0.0963137	-0.00366285	-0.814758	0.112651	0.0197583	-0.771212
-0.0962706	-0.00366788	-0.814786	0.11265	0.0202901	-0.770427
-0.0962003	-0.00368916	-0.814817	0.112672	0.0208019	-0.76965
-0.0961785	-0.00368202	-0.814843	0.112644	0.021332	-0.768893
-0.0961257	-0.00368893	-0.814874	0.112648	0.0218363	-0.768144
-0.0961162	-0.0036834	-0.8149	0.112608	0.0223516	-0.767416
-0.096078	-0.00368814	-0.81493	0.112597	0.0228364	-0.766698
-0.0960114	-0.00370821	-0.814965	0.112605	0.023298	-0.765992
-0.0959887	-0.00371268	-0.814994	0.112569	0.023775	-0.765308
-0.09594	-0.00373042	-0.815029	0.112562	0.0242189	-0.764636
-0.0959342	-0.00373342	-0.815059	0.112511	0.0246791	-0.763985
-0.0958938	-0.00374496	-0.815093	0.112491	0.0251067	-0.763347
-0.0958306	-0.0037723	-0.815131	0.112491	0.0255073	-0.762723
-0.0958106	-0.00377689	-0.815164	0.112447	0.0259197	-0.762122
-0.0957637	-0.00380034	-0.815201	0.112428	0.0263098	-0.761533
-0.0957541	-0.00379839	-0.815234	0.112372	0.0267045	-0.760967
-0.0957207	-0.00381383	-0.815271	0.112343	0.0270684	-0.760414
-0.0956631	-0.00384707	-0.815311	0.112334	0.0274039	-0.759876
-0.0956414	-0.0038638	-0.815347	0.112284	0.027757	-0.759359
-0.0955984	-0.00388805	-0.815386	0.11226	0.0280807	-0.758855
-0.0955906	-0.00390039	-0.815421	0.112199	0.0284224	-0.758372
-0.0955584	-0.00392001	-0.815459	0.112161	0.0287238	-0.757902
-0.0955066	-0.00396306	-0.8155	0.11214	0.0289981	-0.757446
-0.0954887	-0.00398207	-0.815538	0.112085	0.0292966	-0.757009
-0.0954483	-0.00401584	-0.815578	0.112051	0.0295564	-0.756584
-0.0954365	-0.00402286	-0.815615	0.111988	0.0298433	-0.756176
-0.095401	-0.00405256	-0.815655	0.111947	0.0300974	-0.755779
-0.0953515	-0.00409611	-0.815697	0.111919	0.0303179	-0.755393
-0.0953348	-0.00410962	-0.815737	0.111864	0.0305709	-0.755023
-0.095295	-0.00414487	-0.815778	0.111825	0.0307864	-0.754663
-0.0952833	-0.00415331	-0.815818	0.111762	0.0310289	-0.754317
-0.0952528	-0.0041882	-0.815861	0.111716	0.0312425	-0.753978
-0.0952073	-0.00423194	-0.815906	0.111685	0.0314249	-0.753648
-0.0951884	-0.0042528	-0.81595	0.111626	0.0316409	-0.753328
-0.0951521	-0.00428688	-0.815995	0.111583	0.0318307	-0.753014
-0.0951386	-0.00428762	-0.816039	0.111517	0.032053	-0.75271
-0.0951066	-0.00431426	-0.816086	0.111469	0.0322412	-0.752411
-0.0950599	-0.00436261	-0.816135	0.111435	0.0324022	-0.752115
-0.0950417	-0.00437738	-0.816183	0.111377	0.0326014	-0.751827
-0.0950061	-0.00440695	-0.816232	0.111335	0.0327721	-0.751541
-0.0949904	-0.00440674	-0.81628	0.111271	0.032971	-0.751261
-0.094962	-0.00442383	-0.81633	0.111225	0.0331405	-0.750982
-0.0949182	-0.00445588	-0.816382	0.111194	0.0332874	-0.750705
-0.0948953	-0.00445747	-0.816432	0.111139	0.0334819	-0.750429
-0.0948608	-0.00448033	-0.816484	0.111095	0.0336427	-0.750153
-0.0948451	-0.00447427	-0.816534	0.11103	0.0338443	-0.749879
-0.0948167	-0.0044894	-0.816586	0.110984	0.0340132	-0.749603
-0.0947728	-0.00451164	-0.816639	0.110952	0.0341673	-0.749324
-0.0947551	-0.00451111	-0.816689	0.110897	0.0343628	-0.749046
-0.0947198	-0.00453302	-0.81674	0.110858	0.0345246	-0.748765
-0.094704	-0.00453142	-0.816789	0.110797	0.03473	-0.748483
-0.0946756	-0.00454103	-0.816838	0.110753	0.0349061	-0.748197
-0.0946317	-0.00456453	-0.816889	0.110723	0.0350652	-0.747907
-0.0946098	-0.00456328	-0.816937	0.110669	0.0352582	-0.747616
-0.0945765	-0.00457476	-0.816986	0.110631	0.0354305	-0.747319
-0.0945641	-0.00456961	-0.817032	0.110575	0.0356286	-0.747021
-0.0945331	-0.00458305	-0.817079	0.110534	0.0358161	-0.746716
-0.0944925	-0.00459489	-0.817128	0.110508	0.0359874	-0.746406
-0.0944752	-0.0046029	-0.817173	0.11046	0.0361806	-0.746094
-0.0944403	-0.00461606	-0.81722	0.110427	0.0363607	-0.745776
-0.0944283	-0.00460954	-0.817264	0.110372	0.0365627	-0.745456
-0.0944029	-0.00461542	-0.817311	0.110335	0.0367526	-0.745129
-0.0943618	-0.00463175	-0.817358	0.110315	0.0369203	-0.744797
-0.0943452	-0.00463507	-0.817403	0.110266	0.0371196	-0.744463
-0.0943111	-0.00464789	-0.81745	0.110237	0.0372974	-0.744122
-0.0943058	-0.00464149	-0.817495	0.11018	0.0375009	-0.74378
-0.0942809	-0.00465339	-0.817542	0.110146	0.0376861	-0.74343
-0.0942401	-0.00467402	-0.81759	0.110128	0.0378599	-0.743075
-0.0942244	-0.00468096	-0.817637	0.110081	0.0380552	-0.742719
-0.0941963	-0.00469888	-0.817686	0.110053	0.0382349	-0.742357
-0.094191	-0.00469622	-0.817732	0.110003	0.0384327	-0.741994
-0.094166	-0.00470898	-0.817781	0.109973	0.038617	-0.741626
-0.0941248	-0.00473276	-0.817832	0.109954	0.038776	-0.741252
-0.0941139	-0.00473923	-0.817881	0.109911	0.0389611	-0.740878
-0.0940844	-0.00476125	-0.817931	0.109887	0.0391309	-0.740499
-0.094082	-0.00477101	-0.81798	0.109841	0.0393238	-0.74012
-0.094059	-0.00478481	-0.818031	0.109809	0.0394912	-0.739736
-0.0940251	-0.00481099	-0.818084	0.109795	0.0396418	-0.739348
-0.0940128	-0.00482779	-0.818135	0.109756	0.0398189	-0.738961
-0.0939876	-0.00484946	-0.818187	0.109737	0.0399761	-0.73857
-0.0939861	-0.00485726	-0.818238	0.10969	0.0401584	-0.73818
-0.0939694	-0.00487545	-0.81829	0.109664	0.0403192	-0.737785
-0.0939352	-0.00491088	-0.818345	0.109654	0.0404556	-0.737389
-0.0939251	-0.00491693	-0.818396	0.109617	0.0406215	-0.736994
-0.0939015	-0.00493791	-0.81845	0.109597	0.040761	-0.736596
-0.0938987	-0.00494509	-0.818501	0.109559	0.0409377	-0.7362
-0.0938806	-0.0049697	-0.818554	0.109535	0.0410791	-0.735802
-0.0938506	-0.00500178	-0.818609	0.109526	0.0411981	-0.735403
-0.0938459	-0.00501123	-0.818661	0.109493	0.041348	-0.735005
-0.0938268	-0.00503278	-0.818715	0.109478	0.0414795	-0.734607
-0.0938238	-0.00503458	-0.818767	0.109441	0.0416411	-0.73421
-0.0938059	-0.00505793	-0.818821	0.109422	0.0417704	-0.733813
-0.0937814	-0.00509022	-0.818875	0.109418	0.0418804	-0.733417
-0.0937724	-0.00509984	-0.818928	0.109392	0.0420188	-0.733024
-0.0937548	-0.00512171	-0.818982	0.109377	0.0421305	-0.732631
-0.0937554	-0.00511619	-0.819034	0.109348	0.0422706	-0.73224
-0.0937401	-0.00513232	-0.819088	0.109331	0.042391	-0.73185
-0.0937177	-0.00516525	-0.819143	0.109329	0.0424827	-0.731463
-0.0937125	-0.00517437	-0.819196	0.109307	0.042608	-0.731078
-0.0936982	-0.00519247	-0.819251	0.1093	0.0427039	-0.730696
-0.0936929	-0.00518918	-0.819303	0.109275	0.0428306	-0.730317
-0.0936784	-0.0052036	-0.819357	0.109266	0.0429293	-0.729941
-0.0936563	-0.00523027	-0.819413	0.109265	0.0429991	-0.729569
-0.093649	-0.00523278	-0.819466	0.109251	0.043105	-0.7292
-0.0936326	-0.00525559	-0.81952	0.109247	0.0431875	-0.728833
-0.0936337	-0.00525309	-0.819573	0.109231	0.043297	-0.728472
-0.0936242	-0.00526241	-0.819627	0.109225	0.043374	-0.728115
-0.0936064	-0.00528572	-0.81968	0.109231	0.0434254	-0.727762
-0.0935996	-0.0052826	-0.819732	0.10922	0.0435133	-0.727413
-0.0935893	-0.00529409	-0.819784	0.109222	0.043568	-0.727069
-0.0935871	-0.00528848	-0.819836	0.10921	0.0436566	-0.72673
-0.0935753	-0.00528991	-0.819887	0.10921	0.0437166	-0.726395
-0.093561	-0.00530967	-0.819939	0.109222	0.0437474	-0.726067
-0.0935543	-0.00530891	-0.819989	0.109218	0.0438069	-0.725743
-0.0935442	-0.00531879	-0.820041	0.109225	0.0438427	-0.725425
-0.0935396	-0.00531083	-0.82009	0.109219	0.0439043	-0.725112
-0.0935312	-0.00531934	-0.820141	0.109225	0.0439407	-0.724805
-0.0935196	-0.00533337	-0.820191	0.109241	0.0439547	-0.724504
-0.0935178	-0.00533587	-0.82024	0.109242	0.0439895	-0.724209
-0.0935063	-0.00534355	-0.82029	0.109254	0.0440009	-0.72392
-0.0935034	-0.00533458	-0.820339	0.109259	0.044031	-0.723636
-0.093496	-0.00534069	-0.820388	0.109268	0.0440373	-0.723358
-0.0934853	-0.00536035	-0.820437	0.109287	0.0440247	-0.723087
-0.0934811	-0.00536048	-0.820487	0.109293	0.0440374	-0.72282
-0.093473	-0.00536859	-0.820536	0.109309	0.0440279	-0.72256
-0.0934696	-0.00536716	-0.820585	0.10932	0.0440401	-0.722305
-0.0934671	-0.00537265	-0.820634	0.109334	0.0440215	-0.722057
-0.0934604	-0.00538631	-0.820684	0.109357	0.043984	-0.721815
-0.0934563	-0.00539247	-0.820733	0.109374	0.0439713	-0.721578
-0.0934532	-0.00540659	-0.820783	0.109394	0.0439366	-0.721348
-0.0934504	-0.00540765	-0.820833	0.109411	0.0439242	-0.721122
-0.0934487	-0.00541771	-0.820883	0.109435	0.0438897	-0.720901
-0.0934423	-0.00542954	-0.820933	0.10946	0.0438342	-0.720686
-0.0934402	-0.00543757	-0.820983	0.109483	0.0437976	-0.720476
-0.093439	-0.00544917	-0.821033	0.109513	0.0437405	-0.720271
-0.0934391	-0.00545277	-0.821084	0.109536	0.0437061	-0.720071
-0.0934397	-0.00546231	-0.821135	0.109565	0.0436496	-0.719875
-0.0934354	-0.00547486	-0.821185	0.109599	0.043568	-0.719686
-0.0934311	-0.00547564	-0.821235	0.109627	0.043513	-0.719498
-0.0934335	-0.00549039	-0.821286	0.10966	0.0434393	-0.719316
-0.0934331	-0.00549435	-0.821338	0.109695	0.0433805	-0.719137
-0.093433	-0.00550711	-0.821389	0.109728	0.0433028	-0.718963
-0.0934335	-0.00552618	-0.82144	0.109766	0.0432094	-0.718793
-0.0934295	-0.00553648	-0.82149	0.1098	0.04314	-0.718625
-0.0934322	-0.00554659	-0.821541	0.109839	0.0430522	-0.718462
-0.0934287	-0.00555195	-0.821592	0.10988	0.0429862	-0.7183
-0.0934314	-0.00556549	-0.821643	0.109919	0.0428949	-0.718143
-0.0934342	-0.00557964	-0.821693	0.109961	0.0427898	-0.717989
-0.0934346	-0.00558456	-0.821744	0.110007	0.0427057	-0.717836
-0.0934352	-0.00559859	-0.821794	0.110049	0.0426049	-0.717687
-0.0934324	-0.00560368	-0.821844	0.110096	0.0425231	-0.717539
-0.0934361	-0.00561015	-0.821894	0.110145	0.042425	-0.717394
-0.0934393	-0.00562543	-0.821943	0.11019	0.0423129	-0.717252
-0.0934374	-0.00563268	-0.821992	0.110241	0.0422191	-0.71711
-0.0934419	-0.00563403	-0.822041	0.110292	0.0421093	-0.716972
-0.0934399	-0.00563985	-0.822091	0.110349	0.042015	-0.716833
-0.0934439	-0.00564708	-0.82214	0.1104	0.0419105	-0.716698
-0.0934531	-0.00565358	-0.822188	0.110453	0.0417915	-0.716564
-0.0934538	-0.00565658	-0.822237	0.110511	0.041687	-0.716431
-0.0934603	-0.00565922	-0.822284	0.110568	0.0415742	-0.7163
-0.093458	-0.00566161	-0.822333	0.110631	0.0414784	-0.716168
-0.093462	-0.00567639	-0.82238	0.110693	0.0413646	-0.716039
-0.0934713	-0.00568804	-0.822427	0.110753	0.0412356	-0.715913
-0.0934698	-0.0056983	-0.822474	0.110815	0.041123	-0.715786
-0.0934747	-0.00570494	-0.822521	0.110875	0.0410005	-0.715661
-0.0934693	-0.00571139	-0.822568	0.110942	0.0408954	-0.715536
-0.0934764	-0.00571391	-0.822614	0.111007	0.0407717	-0.715413
-0.093488	-0.00571989	-0.822658	0.11107	0.0406444	-0.715291
-0.0934871	-0.00572776	-0.822704	0.11114	0.0405331	-0.715168
-0.0934978	-0.00572854	-0.822749	0.111208	0.0404082	-0.715047
-0.0934954	-0.00573413	-0.822795	0.111282	0.0402937	-0.714927
-0.0934995	-0.00573959	-0.822839	0.111352	0.04016	-0.714809
-0.0935141	-0.00574016	-0.822883	0.11142	0.0400219	-0.714692
-0.093514	-0.00574526	-0.822927	0.111496	0.0398998	-0.714574
-0.0935252	-0.00575079	-0.82297	0.111567	0.0397693	-0.714459
-0.0935218	-0.00575507	-0.823014	0.111651	0.0396446	-0.714343
-0.0935304	-0.00575442	-0.823057	0.11173	0.03951	-0.714229
-0.0935488	-0.00574793	-0.823099	0.111805	0.039374	-0.714117
-0.0935496	-0.00575708	-0.823142	0.111887	0.0392402	-0.714005
-0.0935616	-0.00575958	-0.823184	0.111964	0.0390976	-0.713895
-0.0935618	-0.00577066	-0.823227	0.112051	0.038963	-0.713785
-0.0935679	-0.00577999	-0.823269	0.112131	0.0388188	-0.713677
-0.0935843	-0.00577508	-0.823309	0.112206	0.0386715	-0.713571
-0.0935868	-0.00578296	-0.823351	0.112292	0.0385302	-0.713465
-0.0936002	-0.00578462	-0.823392	0.112372	0.0383844	-0.713361
-0.0935992	-0.00579069	-0.823434	0.112462	0.0382479	-0.713256
-0.0936097	-0.00579735	-0.823475	0.112546	0.0380991	-0.713154
-0.0936296	-0.00579964	-0.823514	0.112624	0.0379507	-0.713055
-0.0936324	-0.00580857	-0.823555	0.112714	0.0378027	-0.712956
-0.0936461	-0.00581347	-0.823594	0.112798	0.0376551	-0.712859
-0.0936482	-0.00582555	-0.823636	0.112894	0.0375061	-0.712763
-0.0936612	-0.00583191	-0.823676	0.112982	0.0373517	-0.712669
-0.0936831	-0.00582596	-0.823714	0.113064	0.0371908	-0.712578
-0.0936848	-0.00583906	-0.823754	0.113159	0.0370359	-0.712487
-0.0937031	-0.0058385	-0.823793	0.113247	0.0368739	-0.712399
-0.0937003	-0.00585612	-0.823834	0.113344	0.0367164	-0.71231
-0.0937148	-0.00586243	-0.823873	0.113433	0.0365578	-0.712226
-0.0937379	-0.00586485	-0.82391	0.113516	0.0363922	-0.712144
-0.0937433	-0.00588064	-0.823949	0.113615	0.0362305	-0.712062
-0.0937644	-0.00588547	-0.823988	0.113706	0.0360674	-0.711984
-0.0937613	-0.00590417	-0.824027	0.113807	0.0358981	-0.711906
-0.0937756	-0.00591058	-0.824066	0.1139	0.0357283	-0.711831
-0.0938039	-0.00590694	-0.824102	0.113986	0.0355588	-0.711761
-0.0938105	-0.00591954	-0.82414	0.114086	0.0353893	-0.71169
-0.0938326	-0.00591955	-0.824177	0.114177	0.0352194	-0.711622
-0.0938331	-0.00593703	-0.824216	0.114286	0.0350479	-0.711555
-0.0938501	-0.00594159	-0.824252	0.114381	0.0348751	-0.711491
-0.0938806	-0.00593574	-0.824287	0.114468	0.0347014	-0.711432
-0.0938862	-0.00594339	-0.824324	0.114571	0.0345168	-0.711373
-0.0939076	-0.0059403	-0.824359	0.114665	0.0343401	-0.711318
-0.0939047	-0.00596331	-0.824396	0.114774	0.0341598	-0.711262
-0.0939189	-0.00597399	-0.824431	0.114868	0.0339835	-0.711212
-0.0939472	-0.00596513	-0.824463	0.114955	0.0337987	-0.711166
-0.0939542	-0.00597836	-0.824498	0.115061	0.033615	-0.711119
-0.0939762	-0.00597941	-0.824532	0.115152	0.03343	-0.711077
-0.093972	-0.00599398	-0.824567	0.115265	0.0332366	-0.711036
-0.0939905	-0.00599582	-0.8246	0.115364	0.0330565	-0.710999
-0.0940218	-0.00599224	-0.82463	0.115449	0.0328727	-0.710966
-0.0940287	-0.00600453	-0.824664	0.115555	0.032679	-0.710934
-0.0940508	-0.00600344	-0.824695	0.115647	0.0324895	-0.710906
-0.0940491	-0.00602462	-0.824728	0.11576	0.0322953	-0.710878
-0.09407	-0.00603069	-0.824759	0.115862	0.0321049	-0.710856
-0.0941036	-0.00601536	-0.824787	0.11595	0.0319178	-0.710838
-0.09411	-0.0060283	-0.824818	0.11606	0.0317225	-0.71082
-0.0941371	-0.00602653	-0.824847	0.116156	0.0315232	-0.710808
-0.0941372	-0.00605032	-0.824878	0.116268	0.031322	-0.710795
-0.094154	-0.00605047	-0.824907	0.116365	0.031117	-0.710787
-0.0941893	-0.00604511	-0.824934	0.11645	0.0309217	-0.710785
-0.0941953	-0.00605855	-0.824963	0.116559	0.0307136	-0.710782
-0.0942221	-0.00605866	-0.824991	0.116654	0.0305156	-0.710785
-0.0942196	-0.00608451	-0.82502	0.116768	0.0303037	-0.710788
-0.0942398	-0.0060843	-0.825047	0.116866	0.0300996	-0.710796
-0.094278	-0.00607085	-0.825072	0.116951	0.0298956	-0.710809
-0.0942837	-0.0060876	-0.825099	0.117059	0.0296896	-0.710821
-0.0943104	-0.00608009	-0.825124	0.117152	0.0294885	-0.710839
-0.0943113	-0.00610465	-0.825153	0.117267	0.0292701	-0.710857
-0.0943341	-0.00610953	-0.825178	0.117366	0.0290584	-0.71088
-0.0943741	-0.00609412	-0.825201	0.117448	0.0288527	-0.710909
-0.0943801	-0.00610555	-0.825226	0.117558	0.0286397	-0.710937
-0.0944117	-0.00610836	-0.82525	0.117649	0.028431	-0.71097
-0.0944094	-0.00613509	-0.825277	0.117764	0.0282073	-0.711003
-0.0944295	-0.0061365	-0.8253	0.117858	0.0279946	-0.711041
-0.0944729	-0.00612434	-0.825321	0.117941	0.0277858	-0.711084
-0.094479	-0.00613871	-0.825345	0.11805	0.0275637	-0.711127
-0.0945111	-0.00613033	-0.825367	0.11814	0.0273524	-0.711175
-0.0945071	-0.00615791	-0.825391	0.118256	0.027127	-0.711222
-0.094531	-0.00615996	-0.825413	0.118351	0.0269117	-0.711274
-0.0945717	-0.00614075	-0.825431	0.118425	0.0267031	-0.711333
-0.0945791	-0.00616152	-0.825454	0.118529	0.0264776	-0.711389
-0.0946121	-0.00615737	-0.825474	0.118615	0.026261	-0.711451
-0.0946125	-0.00618368	-0.825497	0.118729	0.0260331	-0.711511
-0.0946342	-0.00619243	-0.825516	0.118818	0.0258194	-0.711577
-0.0946787	-0.00618005	-0.825533	0.118892	0.0256096	-0.711649
-0.0946871	-0.00620076	-0.825554	0.118993	0.025385	-0.711718
-0.0947211	-0.00619632	-0.825571	0.119077	0.0251656	-0.711794
-0.0947203	-0.00622434	-0.825592	0.119186	0.024931	-0.711867
-0.0947469	-0.00622679	-0.82561	0.119276	0.0247091	-0.711947
-0.0947895	-0.00621632	-0.825625	0.119346	0.0244976	-0.712031
-0.0947949	-0.00623339	-0.825643	0.119445	0.0242659	-0.712114
-0.0948262	-0.0062274	-0.825659	0.119522	0.0240517	-0.712202
-0.0948216	-0.00626373	-0.825678	0.119628	0.0238242	-0.712288
-0.0948449	-0.00626659	-0.825693	0.119711	0.0236043	-0.71238
-0.0948958	-0.00624917	-0.825706	0.119775	0.0233976	-0.712477
-0.0949065	-0.00626934	-0.825723	0.119871	0.023166	-0.712571
-0.0949418	-0.00626723	-0.825737	0.119946	0.0229491	-0.712671
-0.0949396	-0.00629332	-0.825754	0.120051	0.022715	-0.712769
-0.0949645	-0.00630258	-0.825768	0.120133	0.0224937	-0.712874
-0.0950112	-0.00628339	-0.825779	0.120192	0.0222894	-0.712983
-0.0950225	-0.00631105	-0.825794	0.120286	0.0220556	-0.71309
-0.0950586	-0.00630682	-0.825805	0.120358	0.0218465	-0.713202
-0.0950555	-0.00634057	-0.82582	0.120457	0.0216137	-0.713312
-0.0950796	-0.00634748	-0.825832	0.12053	0.0213916	-0.713428
-0.0951313	-0.00632824	-0.825841	0.120587	0.0211894	-0.71355
-0.0951403	-0.00635035	-0.825853	0.120674	0.0209657	-0.713668
-0.0951741	-0.00634816	-0.825862	0.120737	0.0207556	-0.713792
-0.095174	-0.00637706	-0.825875	0.12083	0.020523	-0.713915
-0.0952008	-0.00638196	-0.825885	0.120902	0.0203047	-0.714043
-0.0952489	-0.00636511	-0.82589	0.120953	0.0200975	-0.714177
-0.0952599	-0.0063833	-0.825901	0.121037	0.0198709	-0.714308
-0.0952951	-0.00638664	-0.825907	0.121097	0.0196616	-0.714445
-0.0952951	-0.00642176	-0.825918	0.121183	0.0194317	-0.714579
-0.0953219	-0.00642143	-0.825925	0.121246	0.0192118	-0.71472
-0.09537	-0.00640242	-0.825929	0.121289	0.0190126	-0.714867
-0.09538	-0.00642714	-0.825936	0.121362	0.018787	-0.71501
-0.0954146	-0.00642722	-0.825941	0.121414	0.0185761	-0.715159
-0.0954142	-0.00646046	-0.825949	0.121499	0.018346	-0.715307
-0.0954403	-0.00646063	-0.825953	0.121556	0.0181365	-0.71546
-0.0954926	-0.00644717	-0.825954	0.12159	0.0179352	-0.71562
-0.0955009	-0.00647159	-0.82596	0.121661	0.0177108	-0.715777
-0.0955394	-0.00646399	-0.825962	0.121706	0.0175037	-0.71594
-0.0955361	-0.0064989	-0.825967	0.121781	0.0172714	-0.716101
-0.0955653	-0.00649969	-0.825969	0.12183	0.0170567	-0.716269
-0.0956205	-0.00647325	-0.825968	0.121858	0.016862	-0.716442
-0.0956303	-0.00650223	-0.825971	0.12192	0.0166379	-0.716612
-0.09567	-0.00649834	-0.82597	0.121957	0.0164345	-0.716789
-0.0956679	-0.00653147	-0.825973	0.122026	0.0162075	-0.716964
-0.0956978	-0.00653774	-0.825973	0.122071	0.0160013	-0.717145
-0.0957483	-0.00651563	-0.82597	0.122094	0.0158086	-0.717332
-0.0957596	-0.00654221	-0.825971	0.122148	0.0155893	-0.717517
-0.095795	-0.0065441	-0.825968	0.122179	0.0153932	-0.717708
-0.095795	-0.00658256	-0.825969	0.122243	0.0151676	-0.717897
-0.0958265	-0.00658719	-0.825967	0.122278	0.0149655	-0.718093
-0.0958779	-0.00656286	-0.825961	0.12229	0.0147726	-0.718295
-0.0958907	-0.00658842	-0.825959	0.122338	0.0145554	-0.718495
-0.095927	-0.00658337	-0.825954	0.122361	0.014358	-0.718701
-0.0959276	-0.00662404	-0.825953	0.122413	0.014134	-0.718905
-0.09596	-0.00663031	-0.825949	0.122444	0.0139297	-0.719116
-0.096012	-0.006615	-0.825941	0.122451	0.01374	-0.719333
-0.0960255	-0.00664176	-0.825937	0.122492	0.0135274	-0.719548
-0.0960626	-0.0066383	-0.82593	0.122508	0.0133302	-0.71977
-0.0960646	-0.0066739	-0.825926	0.122554	0.0131099	-0.71999
-0.0960925	-0.00667626	-0.825919	0.122574	0.0129117	-0.720216
-0.0961459	-0.0066528	-0.825909	0.12257	0.0127298	-0.720448
-0.0961558	-0.00668672	-0.825903	0.1226	0.0125138	-0.720679
-0.0961952	-0.00668869	-0.825893	0.122607	0.0123225	-0.720916
-0.0961947	-0.00672906	-0.825887	0.122646	0.0121047	-0.721152
-0.0962254	-0.00673587	-0.825877	0.122656	0.0119043	-0.721394
-0.0962762	-0.00671606	-0.825864	0.122647	0.011726	-0.721642
-0.0962902	-0.00674076	-0.825856	0.122668	0.0115202	-0.721889
-0.0963276	-0.00673454	-0.825844	0.122668	0.0113355	-0.722143
-0.0963315	-0.00677006	-0.825835	0.122696	0.0111175	-0.722394
-0.0963605	-0.00677233	-0.825823	0.122697	0.0109214	-0.722653
-0.096415	-0.00675809	-0.825808	0.122681	0.0107429	-0.722917
-0.0964278	-0.0067869	-0.825797	0.122695	0.0105402	-0.72318
-0.0964693	-0.00678413	-0.825783	0.122685	0.0103604	-0.72345
-0.0964723	-0.00682342	-0.825772	0.122704	0.0101497	-0.723718
-0.0965059	-0.00682898	-0.825757	0.122697	0.00996282	-0.723992
-0.0965587	-0.00680862	-0.82574	0.122671	0.00978694	-0.724274
-0.0965715	-0.00683249	-0.825726	0.122675	0.00958227	-0.724554
-0.0966128	-0.00683436	-0.825709	0.122657	0.00940463	-0.72484
-0.0966172	-0.00687605	-0.825696	0.122668	0.0091983	-0.725124
-0.0966466	-0.00688477	-0.825679	0.122655	0.00901078	-0.725416
-0.0967009	-0.00686685	-0.825659	0.122618	0.00884427	-0.725714
-0.0967167	-0.00689337	-0.825642	0.122613	0.00864515	-0.726011
-0.0967549	-0.00689584	-0.825623	0.122587	0.00847518	-0.726314
-0.0967583	-0.00693938	-0.825607	0.122585	0.0082702	-0.726616
-0.0967922	-0.00694911	-0.825587	0.122563	0.00808703	-0.726924
-0.0968448	-0.00693197	-0.825565	0.122517	0.00792728	-0.727238
-0.096861	-0.00695924	-0.825546	0.122504	0.0077364	-0.727551
-0.0968992	-0.00696292	-0.825524	0.122467	0.00756869	-0.727871
-0.0969047	-0.0070083	-0.825505	0.122459	0.0073699	-0.728189
-0.0969347	-0.00701951	-0.825483	0.122426	0.00719412	-0.728515
-0.0969844	-0.00699581	-0.825458	0.122373	0.00703793	-0.728846
-0.097	-0.00702547	-0.825437	0.122352	0.00685117	-0.729176
-0.097038	-0.00702459	-0.825412	0.122308	0.00667811	-0.729512
-0.0970453	-0.00706412	-0.82539	0.122288	0.00648395	-0.729847
-0.0970763	-0.00708004	-0.825366	0.122246	0.00631554	-0.730189
-0.0971266	-0.00706833	-0.825339	0.122184	0.00616116	-0.730537
-0.0971451	-0.00709207	-0.825315	0.12215	0.00597965	-0.730883
-0.0971855	-0.00708661	-0.825288	0.122095	0.00581405	-0.731235
-0.0971966	-0.00713148	-0.825264	0.122065	0.0056287	-0.731587
-0.0972311	-0.00714234	-0.825236	0.122014	0.00546472	-0.731945
-0.0972788	-0.00712774	-0.825207	0.121945	0.00532424	-0.732309
-0.0972973	-0.00715704	-0.82518	0.121902	0.00514958	-0.732672
-0.0973376	-0.0071554	-0.82515	0.121841	0.00499068	-0.733041
-0.0973459	-0.00720254	-0.825123	0.121803	0.00480906	-0.733409
-0.0973783	-0.00720845	-0.825093	0.121745	0.00465056	-0.733784
-0.0974292	-0.00719749	-0.825061	0.121667	0.00451021	-0.734164
-0.0974474	-0.00722914	-0.825032	0.121614	0.0043396	-0.734544
-0.0974875	-0.00723192	-0.825	0.121544	0.00418882	-0.734928
-0.0974985	-0.0072736	-0.82497	0.121497	0.00401468	-0.735313
-0.0975328	-0.0072765	-0.824938	0.121427	0.0038584	-0.735704
-0.0975801	-0.00726318	-0.824903	0.121343	0.00372463	-0.7361
-0.0976036	-0.00729174	-0.824871	0.121283	0.00356204	-0.736495
-0.0976423	-0.00729189	-0.824837	0.121203	0.00342004	-0.736896
-0.0976548	-0.00733904	-0.824804	0.121144	0.00324998	-0.737297
-0.0976848	-0.00734638	-0.824769	0.121064	0.0031002	-0.737704
-0.0977342	-0.00733585	-0.824732	0.120973	0.002968	-0.738116
-0.0977566	-0.00736218	-0.824697	0.1209	0.00281611	-0.738528
-0.0977946	-0.00736657	-0.82466	0.120813	0.00268012	-0.738944
-0.0978096	-0.00740253	-0.824625	0.120742	0.0025169	-0.739361
-0.0978414	-0.0074164	-0.824587	0.120657	0.00237803	-0.739783
-0.0978868	-0.00740413	-0.824548	0.120556	0.00225551	-0.740211
-0.0979093	-0.00743459	-0.824511	0.120476	0.00210218	-0.740639
-0.0979471	-0.00743581	-0.824471	0.12038	0.00197491	-0.741071
-0.097965	-0.00748364	-0.824434	0.120303	0.00182381	-0.741504
-0.097999	-0.00749997	-0.824394	0.120208	0.00168854	-0.741942
-0.0980463	-0.00748221	-0.824353	0.120099	0.00157386	-0.742384
-0.098068	-0.00751391	-0.824313	0.12001	0.0014295	-0.742828
-0.0981053	-0.00751687	-0.824271	0.119906	0.0013051	-0.743276
-0.0981255	-0.00756477	-0.82423	0.119815	0.00115368	-0.743724
-0.098162	-0.00757396	-0.824188	0.119713	0.00102828	-0.744178
-0.0982057	-0.00755877	-0.824144	0.119598	0.000923046	-0.744636
-0.0982328	-0.00759153	-0.824101	0.119497	0.000785036	-0.745095
-0.0982692	-0.00759704	-0.824056	0.119387	0.000675504	-0.745558
-0.0982923	-0.00763904	-0.824014	0.119288	0.000538273	-0.746021
-0.098325	-0.00765684	-0.823969	0.119175	0.00042096	-0.74649
-0.0983659	-0.00765028	-0.823922	0.119056	0.000325044	-0.746963
-0.0983943	-0.0076811	-0.823877	0.118948	0.000196892	-0.747437
-0.0984314	-0.00768456	-0.82383	0.118827	8.37116e-05	-0.747916
-0.0984532	-0.00772975	-0.823784	0.118722	-4.58211e-05	-0.748396
-0.0984905	-0.00774515	-0.823736	0.118603	-0.000153767	-0.74888
-0.0985346	-0.00773645	-0.823688	0.118474	-0.000245974	-0.749368
-0.0985636	-0.00776586	-0.82364	0.118355	-0.000360822	-0.749857
-0.0986016	-0.00776686	-0.823591	0.11823	-0.000459927	-0.750351
-0.0986272	-0.00780906	-0.823542	0.118113	-0.000588253	-0.750846
-0.098662	-0.00782203	-0.823492	0.117984	-0.000692568	-0.751346
-0.0987046	-0.00781154	-0.823441	0.117852	-0.000778314	-0.751849
-0.0987356	-0.00784488	-0.82339	0.117727	-0.000890673	-0.752354
-0.0987695	-0.00785194	-0.823339	0.117592	-0.000985126	-0.752863
-0.0987957	-0.00789113	-0.823288	0.117468	-0.00109794	-0.753374
-0.0988312	-0.00790077	-0.823235	0.117334	-0.00119354	-0.753889
-0.0988738	-0.00789465	-0.823181	0.117192	-0.00126947	-0.754408
-0.0989031	-0.00793107	-0.823128	0.11706	-0.00137753	-0.754928
-0.098941	-0.00793868	-0.823074	0.11692	-0.00146376	-0.755453
-0.0989681	-0.00798585	-0.82302	0.116783	-0.00156695	-0.755979
-0.0990046	-0.00800192	-0.822965	0.116643	-0.00165133	-0.75651
-0.0990428	-0.00799484	-0.822909	0.116496	-0.00171522	-0.757044
-0.0990776	-0.00802855	-0.822853	0.116357	-0.00180849	-0.75758
-0.0991146	-0.0080336	-0.822796	0.11621	-0.00188803	-0.75812
-0.0991445	-0.00807691	-0.82274	0.116065	-0.00198864	-0.758663
-0.0991832	-0.00809154	-0.822682	0.115918	-0.0020689	-0.759209
-0.0992229	-0.00809006	-0.822624	0.115765	-0.00213213	-0.759759
-0.0992574	-0.00812044	-0.822566	0.115617	-0.00222284	-0.760311
-0.099294	-0.00812396	-0.822507	0.115463	-0.00228977	-0.760867
-0.0993277	-0.0081643	-0.822448	0.115313	-0.00238206	-0.761426
-0.099364	-0.00817576	-0.822388	0.115162	-0.00245294	-0.761988
-0.0994019	-0.00817146	-0.822327	0.115005	-0.00251299	-0.762553
-0.0994382	-0.00820653	-0.822267	0.114851	-0.00258867	-0.763121
-0.0994761	-0.00822111	-0.822206	0.114692	-0.00265404	-0.763693
-0.0995092	-0.00826022	-0.822144	0.114533	-0.00273524	-0.764267
-0.099545	-0.00827289	-0.822081	0.114375	-0.00280149	-0.764845
-0.0995827	-0.00827142	-0.822019	0.114218	-0.00284915	-0.765427
-0.0996223	-0.00830418	-0.821955	0.114054	-0.00292481	-0.766012
-0.0996577	-0.00831857	-0.821892	0.113892	-0.00298076	-0.7666
-0.0996977	-0.00835799	-0.821828	0.113727	-0.00305753	-0.767192
-0.0997336	-0.00837543	-0.821763	0.113564	-0.00311588	-0.767786
-0.0997714	-0.00837793	-0.821698	0.113402	-0.0031537	-0.768383
-0.0998092	-0.00841338	-0.821632	0.113231	-0.0032175	-0.768984
-0.0998434	-0.00842218	-0.821566	0.113062	-0.00326863	-0.769588
-0.0998859	-0.0084622	-0.821499	0.112889	-0.00333075	-0.770195
-0.0999237	-0.00848147	-0.821432	0.112718	-0.00338186	-0.770805
-0.0999579	-0.00848012	-0.821365	0.112549	-0.00341123	-0.771418
-0.0999968	-0.00850975	-0.821296	0.112374	-0.00346486	-0.772035
-0.100032	-0.00852085	-0.821227	0.112201	-0.00350482	-0.772655
-0.100079	-0.00855512	-0.821158	0.112027	-0.0035677	-0.773278
-0.10012	-0.00857777	-0.821089	0.111855	-0.00360969	-0.773904
-0.100156	-0.00857805	-0.82102	0.111685	-0.00364132	-0.774532
-0.100196	-0.00860705	-0.820949	0.111505	-0.00368688	-0.775166
-0.100231	-0.00862697	-0.820879	0.111328	-0.00371715	-0.775801
-0.100276	-0.00866518	-0.820806	0.111146	-0.00377406	-0.77644
-0.100316	-0.00868345	-0.820735	0.110967	-0.00380878	-0.777082
-0.100352	-0.00868787	-0.820664	0.110797	-0.00383345	-0.777726
-0.100393	-0.00871989	-0.820591	0.110613	-0.00386705	-0.778374
-0.100431	-0.00873449	-0.820518	0.110437	-0.00389225	-0.779025
-0.100481	-0.00877357	-0.820443	0.110248	-0.00393446	-0.779679
-0.10052	-0.00879455	-0.82037	0.110068	-0.00396148	-0.780336
-0.100555	-0.00879961	-0.820296	0.109891	-0.00397674	-0.780995
-0.1006	-0.00883083	-0.820221	0.109703	-0.00400711	-0.781659
-0.10064	-0.00883699	-0.820146	0.109524	-0.00403314	-0.782325
-0.10069	-0.00887407	-0.820068	0.109328	-0.00407299	-0.782994
-0.100729	-0.00889534	-0.819992	0.109142	-0.00408713	-0.783666
-0.100759	-0.00890028	-0.819917	0.108965	-0.00409563	-0.784339
-0.100808	-0.00892863	-0.819839	0.108773	-0.0041238	-0.785018
-0.100846	-0.00894178	-0.819762	0.108591	-0.00413895	-0.785698
-0.100899	-0.00898256	-0.819682	0.108394	-0.00416559	-0.786383
-0.100939	-0.00900663	-0.819604	0.108207	-0.0041737	-0.787069
-0.10097	-0.00901381	-0.819527	0.108028	-0.00417527	-0.787758
-0.101019	-0.00904258	-0.819446	0.107831	-0.00419358	-0.78845
-0.101056	-0.00905474	-0.819367	0.107645	-0.00419727	-0.789144
-0.101112	-0.00909388	-0.819285	0.107446	-0.0042177	-0.789844
-0.101155	-0.0091158	-0.819204	0.107257	-0.00422601	-0.790545
-0.101188	-0.0091224	-0.819125	0.107076	-0.00421797	-0.791247
-0.101241	-0.0091489	-0.819043	0.10688	-0.00422414	-0.791953
-0.101277	-0.00916723	-0.818961	0.106693	-0.00421638	-0.792662
-0.101335	-0.00920189	-0.818877	0.10649	-0.00422436	-0.793376
-0.101379	-0.00922017	-0.818794	0.106297	-0.00421896	-0.79409
-0.101408	-0.00923174	-0.818713	0.106118	-0.00421289	-0.794806
-0.101462	-0.00926681	-0.818628	0.10592	-0.00421524	-0.795527
-0.101498	-0.00928538	-0.818545	0.105736	-0.00420298	-0.796249
-0.101559	-0.00931788	-0.818458	0.105527	-0.00420907	-0.796977
-0.101601	-0.00934263	-0.818374	0.105334	-0.00420171	-0.797705
-0.101633	-0.00935249	-0.81829	0.105155	-0.00418168	-0.798434
-0.101687	-0.00938378	-0.818203	0.104953	-0.00417143	-0.799169
-0.101729	-0.00940775	-0.818118	0.104766	-0.0041532	-0.799905
-0.101791	-0.0094424	-0.818029	0.104555	-0.00414989	-0.800646
-0.101836	-0.00946713	-0.817943	0.104367	-0.00413931	-0.801388
-0.101865	-0.00947836	-0.817857	0.10419	-0.00410994	-0.802131
-0.101919	-0.00950147	-0.817768	0.103986	-0.00410074	-0.802879
-0.101961	-0.00951932	-0.817682	0.103803	-0.00407339	-0.803628
-0.102027	-0.00956196	-0.817591	0.103592	-0.0040607	-0.804383
-0.102074	-0.00958558	-0.817502	0.103402	-0.00403995	-0.805138
-0.102105	-0.00960338	-0.817415	0.103225	-0.00400661	-0.805894
-0.10216	-0.00962876	-0.817323	0.103021	-0.00399105	-0.806656
-0.102198	-0.00964817	-0.817235	0.102842	-0.00395157	-0.80741
-0.102266	-0.00968118	-0.817142	0.102647	-0.00391596	-0.80814
-0.10231	-0.0097053	-0.817053	0.102482	-0.00384335	-0.808824
-0.102335	-0.00972089	-0.816967	0.102348	-0.00375165	-0.809452
-0.102397	-0.00975049	-0.816877	0.102191	-0.00365538	-0.810027
-0.102437	-0.00977098	-0.816791	0.102064	-0.0035335	-0.810541
-0.102508	-0.00980095	-0.816702	0.101916	-0.0034089	-0.811002
-0.102555	-0.00982177	-0.816617	0.101797	-0.00325757	-0.811405
-0.102582	-0.00983501	-0.816535	0.101701	-0.00308945	-0.811753
-0.102645	-0.0098598	-0.816449	0.101578	-0.00292653	-0.812058
-0.10269	-0.0098756	-0.816366	0.101479	-0.00274623	-0.812316
-0.102768	-0.0099001	-0.81628	0.101353	-0.002564	-0.812538
-0.10282	-0.00991584	-0.816198	0.101253	-0.00237675	-0.81272
-0.102852	-0.0099327	-0.816119	0.101177	-0.00218727	-0.812869
-0.102919	-0.00995467	-0.816037	0.101065	-0.00200158	-0.812995
-0.102963	-0.00997123	-0.815957	0.10098	-0.00181599	-0.813097
-0.103039	-0.00999639	-0.815874	0.100861	-0.00163696	-0.813187
-0.103095	-0.0100148	-0.815794	0.100771	-0.00146435	-0.813262
-0.10313	-0.0100356	-0.815717	0.100698	-0.00131044	-0.813326
-0.103198	-0.0100608	-0.815637	0.100595	-0.0011703	-0.813387
-0.103248	-0.0100797	-0.81556	0.100518	-0.00104935	-0.81344
-0.103325	-0.0100986	-0.815479	0.100414	-0.000957999	-0.813495
-0.103382	-0.0101187	-0.815402	0.100336	-0.000895536	-0.813544
-0.103423	-0.0101421	-0.815328	0.100279	-0.000851556	-0.813586
-0.103496	-0.0101603	-0.815251	0.100194	-0.000813696	-0.813623
-0.103548	-0.0101818	-0.815178	0.100132	-0.000794876	-0.813648
-0.103627	-0.0101962	-0.815102	0.100048	-0.000778225	-0.813665
-0.10369	-0.0102081	-0.81503	0.0999858	-0.000772026	-0.813668
-0.103735	-0.0102246	-0.81496	0.0999369	-0.000774944	-0.81366
-0.103808	-0.0102336	-0.814889	0.0998671	-0.000772872	-0.813646
-0.103867	-0.0102465	-0.81482	0.0998121	-0.000774508	-0.813623
-0.103947	-0.0102526	-0.814749	0.0997365	-0.000781917	-0.813595
-0.10401	-0.0102629	-0.814681	0.0996768	-0.000794996	-0.81356
-0.104061	-0.0102833	-0.814616	0.0996296	-0.000813044	-0.813521
-0.104129	-0.0102962	-0.81455	0.0995648	-0.000825623	-0.813481
-0.104183	-0.0103044	-0.814486	0.0995136	-0.000840889	-0.813438
-0.104253	-0.0103137	-0.814421	0.0994477	-0.000857534	-0.813397
-0.104303	-0.0103162	-0.814359	0.0994004	-0.000879895	-0.813355
-0.104339	-0.0103173	-0.814301	0.099368	-0.000893722	-0.813313
-0.104399	-0.0103249	-0.81424	0.0993109	-0.000915605	-0.813275
-0.104433	-0.010326	-0.814182	0.0992804	-0.000940965	-0.813238
-0.104504	-0.0103286	-0.814122	0.0992131	-0.000970954	-0.813207
-0.104541	-0.0103302	-0.814066	0.0991742	-0.00099206	-0.813176
-0.104556	-0.0103304	-0.814014	0.0991637	-0.00100284	-0.813146
-0.104613	-0.0103434	-0.813958	0.0991101	-0.00103388	-0.813125
-0.10464	-0.0103445	-0.813907	0.0990874	-0.00105377	-0.813102
-0.104715	-0.0103598	-0.81385	0.0990168	-0.00108342	-0.813088
-0.10475	-0.0103606	-0.813799	0.0989855	-0.00110439	-0.813072
-0.104748	-0.0103587	-0.813753	0.0989852	-0.00111817	-0.813054
-0.104807	-0.0103712	-0.813699	0.0989252	-0.00114597	-0.813045
-0.104825	-0.0103734	-0.813651	0.0989073	-0.00116832	-0.813032
-0.104906	-0.0103892	-0.813594	0.0988264	-0.00119995	-0.813029
-0.104937	-0.0103987	-0.813544	0.0987967	-0.00122817	-0.813021
-0.104927	-0.0104071	-0.813498	0.0988079	-0.00124762	-0.813008
-0.104992	-0.010429	-0.813441	0.0987443	-0.00127953	-0.813006
-0.105004	-0.010447	-0.81339	0.0987334	-0.00130345	-0.812998
-0.105097	-0.0104691	-0.813327	0.0986421	-0.00133571	-0.813001
-0.105132	-0.0104896	-0.81327	0.0986143	-0.00136576	-0.812996
-0.105114	-0.0105168	-0.813217	0.0986317	-0.00139562	-0.812986
-0.105186	-0.0105459	-0.813151	0.0985595	-0.00142731	-0.812987
-0.105199	-0.0105815	-0.81309	0.0985467	-0.00147132	-0.812982
-0.105302	-0.0105999	-0.813015	0.098449	-0.00149798	-0.812988
-0.105334	-0.0106395	-0.812947	0.0984153	-0.00153638	-0.812986
-0.105316	-0.0106875	-0.812882	0.0984385	-0.00158971	-0.812978
-0.105392	-0.010719	-0.812803	0.0983592	-0.00161351	-0.812983
-0.105408	-0.0107671	-0.812731	0.0983459	-0.00166123	-0.81298
-0.105515	-0.0107808	-0.812644	0.0982398	-0.00167489	-0.81299
-0.10555	-0.0108285	-0.812564	0.0982047	-0.00171895	-0.812992
-0.105532	-0.0109058	-0.81249	0.0982215	-0.0017897	-0.812987
-0.105613	-0.0109239	-0.812403	0.0981387	-0.00180896	-0.812996
-0.105632	-0.0109839	-0.812322	0.0981224	-0.00187053	-0.812997
-0.105746	-0.0109839	-0.81223	0.0980094	-0.00186039	-0.813011
-0.105786	-0.0110302	-0.812146	0.0979686	-0.00191003	-0.813018
-0.105771	-0.0111253	-0.812069	0.0979807	-0.00199983	-0.813019
-0.105855	-0.0111355	-0.811981	0.0978986	-0.0020023	-0.813033
-0.10588	-0.0112061	-0.811902	0.0978778	-0.00207036	-0.81304
-0.105991	-0.0111848	-0.811812	0.0977631	-0.0020467	-0.813058
-0.106038	-0.0112257	-0.811732	0.0977163	-0.00209204	-0.81307
-0.106034	-0.0113244	-0.811659	0.097724	-0.0021832	-0.813077
-0.106121	-0.0113182	-0.811577	0.0976381	-0.00218241	-0.813096
-0.106148	-0.0113753	-0.811502	0.0976092	-0.00224552	-0.813108
-0.106257	-0.0113257	-0.811419	0.0975016	-0.00220492	-0.813132
-0.106307	-0.0113535	-0.811344	0.0974503	-0.00224295	-0.813149
-0.10631	-0.0114283	-0.811274	0.097444	-0.00234089	-0.813161
-0.106392	-0.0113959	-0.811195	0.0973573	-0.00232434	-0.813184
-0.106425	-0.0114319	-0.811123	0.0973231	-0.00238047	-0.813201
-0.106527	-0.0113603	-0.811043	0.0972179	-0.00232551	-0.813228
-0.106577	-0.0113646	-0.81097	0.0971687	-0.00234791	-0.81325
-0.106589	-0.0114236	-0.810901	0.0971542	-0.00243343	-0.813268
